    1          6.2774          7.5658          4.9963         13.7274          8.1960         14.0196
    2          4.4496          7.4348          4.9138         12.8802          7.6601         11.4675
    3          4.2177          6.7429          4.9689         12.3076          7.4687         11.1204
    4          3.7637          5.6345          4.9138         11.6436          7.4360         11.0452
    5          3.7100          5.2061          5.0372         11.9997          7.4355         11.0523
    6          3.6355          4.8863          4.9381         11.8965          7.4372         11.0582
    7          3.5044          4.8458          4.9638         11.9509          7.4389         11.0615
    8          3.6192          4.9254          4.9786         11.9898          7.4407         11.0637
    9          3.6525          4.8426          4.9871         11.9745          7.4415         11.0647
   10          3.5870          4.7476          5.0256         11.9890          7.4425         11.0660
   11          3.5399          4.6284          4.9713         11.9669          7.4436         11.0668
   12          3.6044          4.8734          5.0208         11.9576          7.4446         11.0677
   13          3.5609          4.8208          5.0092         11.9370          7.4454         11.0682
   14          3.5424          4.8683          5.0114         11.9181          7.4460         11.0687
   15          3.6324          4.8831          5.0223         11.8991          7.4460         11.0688
   16          3.5929          4.8950          4.9761         11.8779          7.4465         11.0692
   17          3.5084          4.6730          4.9604         11.8595          7.4470         11.0694
   18          3.4946          4.7433          4.9428         11.8436          7.4473         11.0695
   19          3.5177          4.8677          4.9092         11.8327          7.4476         11.0700
   20          3.5338          4.7562          5.0260         11.8213          7.4479         11.0703
   21          3.5669          4.7196          4.9468         11.8103          7.4478         11.0702
   22          3.5628          4.7873          4.9540         11.7982          7.4477         11.0701
   23          3.5140          4.6420          4.9261         11.7866          7.4481         11.0703
   24          3.6164          4.8593          4.9995         11.7795          7.4479         11.0706
   25          3.5367          4.7384          4.9251         11.7761          7.4481         11.0706
