    1          7.6242          7.6015          4.9729         13.7791          7.7064         14.0051
    2          7.9892          7.7981          4.9252         12.9463          7.4237         11.4546
    3          7.1827          6.9518          4.9465         11.5274          7.2845         11.1832
    4          7.0745          6.8178          4.9617         10.7513          7.2759         11.1684
    5          7.0413          6.7711          4.9470         10.8677          7.2779         11.1757
    6          6.9344          6.6794          5.0578         10.9115          7.2795         11.1799
    7          6.8054          6.5384          4.9293         10.9253          7.2809         11.1829
    8          6.6707          6.4128          4.9845         10.9172          7.2823         11.1849
    9          6.5348          6.2781          5.0005         10.9580          7.2833         11.1864
   10          6.4431          6.1955          4.9746         10.9942          7.2842         11.1876
   11          6.2897          6.0432          4.9516         11.0243          7.2848         11.1885
   12          6.2384          6.0024          4.9209         11.0700          7.2853         11.1892
   13          6.1657          5.9194          4.9549         11.1255          7.2858         11.1898
   14          6.1160          5.8641          4.9524         11.1819          7.2861         11.1904
   15          6.0404          5.8032          4.9795         11.2417          7.2864         11.1909
   16          5.9964          5.7617          4.9777         11.3024          7.2865         11.1913
   17          5.9222          5.6958          4.8830         11.3687          7.2866         11.1916
   18          5.8949          5.6668          4.8881         11.4410          7.2866         11.1918
   19          5.9255          5.6795          4.9192         11.5204          7.2866         11.1920
   20          5.8874          5.6463          5.0072         11.6046          7.2866         11.1921
   21          5.8825          5.6480          4.9502         11.6925          7.2865         11.1922
   22          5.8782          5.6220          5.0153         11.7837          7.2864         11.1923
   23          5.8293          5.5895          4.9530         11.8761          7.2863         11.1923
   24          5.8218          5.5834          4.9811         11.9703          7.2861         11.1923
   25          5.8166          5.5791          5.0200         12.0644          7.2860         11.1923
