 0.517069E+01 0.583128E+01 0.496853E+01 0.563507E+01 0.506149E+01 0.495955E+01
 0.454344E+01 0.521481E+01 0.591391E+01 0.517038E+01 0.475430E+01 0.480896E+01
 0.532138E+01 0.558714E+01 0.491499E+01 0.486681E+01 0.361523E+01 0.524412E+01
 0.486992E+01 0.421101E+01 0.476832E+01 0.429175E+01 0.541573E+01 0.576238E+01
 0.617989E+01 0.376287E+01 0.507565E+01 0.465519E+01 0.541196E+01 0.400292E+01
 0.528512E+01 0.572008E+01 0.525049E+01 0.542832E+01 0.330946E+01 0.562858E+01
 0.438991E+01 0.409132E+01 0.442259E+01 0.417370E+01 0.497001E+01 0.506881E+01
 0.379663E+01 0.419082E+01 0.502674E+01 0.421636E+01 0.542687E+01 0.656486E+01
 0.494525E+01 0.483233E+01 0.483336E+01 0.428628E+01 0.543823E+01 0.484331E+01
 0.483618E+01 0.507474E+01 0.549587E+01 0.368139E+01 0.542518E+01 0.504411E+01
 0.455198E+01 0.536794E+01 0.386686E+01 0.525936E+01 0.610822E+01 0.491556E+01
 0.561024E+01 0.511267E+01 0.492015E+01 0.542517E+01 0.654533E+01 0.506923E+01
 0.438821E+01 0.430174E+01 0.458466E+01 0.490006E+01 0.457173E+01 0.522569E+01
 0.473298E+01 0.585685E+01 0.465631E+01 0.492252E+01 0.420184E+01 0.404402E+01
 0.649023E+01 0.448990E+01 0.449461E+01 0.429388E+01 0.438648E+01 0.550235E+01
 0.492261E+01 0.584007E+01 0.515114E+01 0.378516E+01 0.488069E+01 0.454129E+01
 0.527710E+01 0.425660E+01 0.400054E+01 0.508788E+01 0.467113E+01 0.514231E+01
 0.427393E+01 0.407730E+01 0.570073E+01 0.487190E+01 0.453682E+01 0.479526E+01
 0.559306E+01 0.461811E+01 0.570494E+01 0.494276E+01 0.353545E+01 0.473476E+01
 0.533273E+01 0.523319E+01 0.507452E+01 0.370814E+01 0.367222E+01 0.470906E+01
 0.486815E+01 0.485423E+01 0.383271E+01 0.431386E+01 0.577035E+01 0.569963E+01
 0.435885E+01 0.512337E+01 0.617544E+01 0.475399E+01 0.491444E+01 0.548183E+01
 0.401766E+01 0.506652E+01 0.483335E+01 0.446459E+01 0.427809E+01 0.445720E+01
 0.505794E+01 0.485160E+01 0.467056E+01 0.409558E+01 0.442124E+01 0.635828E+01
 0.531669E+01 0.571096E+01 0.431116E+01 0.349170E+01 0.432322E+01 0.474169E+01
 0.541449E+01 0.498514E+01 0.616009E+01 0.394433E+01 0.460421E+01 0.459074E+01
 0.479449E+01 0.464396E+01 0.557224E+01 0.495571E+01 0.457071E+01 0.464367E+01
 0.448530E+01 0.627784E+01 0.556178E+01 0.566623E+01 0.434358E+01 0.606700E+01
 0.492944E+01 0.532760E+01 0.555470E+01 0.490833E+01 0.476447E+01 0.395524E+01
 0.445267E+01 0.449432E+01 0.572597E+01 0.550792E+01 0.492949E+01 0.394817E+01
 0.500235E+01 0.538712E+01 0.544379E+01 0.433895E+01 0.393661E+01 0.452454E+01
 0.596223E+01 0.431757E+01 0.530590E+01 0.415847E+01 0.465835E+01 0.525965E+01
 0.363732E+01 0.520713E+01 0.495614E+01 0.461151E+01 0.681783E+01 0.439177E+01
 0.701818E+01 0.475933E+01 0.502488E+01 0.649327E+01 0.538780E+01 0.437289E+01
 0.529907E+01 0.484957E+01 0.535068E+01 0.431911E+01 0.565770E+01 0.478876E+01
 0.495034E+01 0.458598E+01 0.477322E+01 0.492959E+01 0.406556E+01 0.469124E+01
 0.445492E+01 0.483350E+01 0.542660E+01 0.562009E+01 0.441102E+01 0.600618E+01
 0.500305E+01 0.467770E+01 0.520867E+01 0.478290E+01 0.505862E+01 0.565167E+01
 0.562910E+01 0.376910E+01 0.483327E+01 0.471065E+01 0.478134E+01 0.422753E+01
 0.556281E+01 0.550303E+01 0.585264E+01 0.503258E+01 0.535549E+01 0.547484E+01
 0.570490E+01 0.441415E+01 0.582407E+01 0.557409E+01 0.506776E+01 0.528912E+01
 0.543904E+01 0.538909E+01 0.387166E+01 0.527633E+01 0.513018E+01 0.387396E+01
 0.429572E+01 0.514987E+01 0.468811E+01 0.410748E+01 0.451876E+01 0.420158E+01
 0.526326E+01 0.470656E+01 0.422174E+01 0.507543E+01 0.475524E+01 0.494273E+01
 0.450907E+01 0.491539E+01 0.556403E+01 0.409719E+01 0.619922E+01 0.482644E+01
 0.536884E+01 0.531063E+01 0.476086E+01 0.557732E+01 0.528915E+01 0.534873E+01
 0.403712E+01 0.456070E+01 0.480823E+01 0.417170E+01 0.462517E+01 0.520109E+01
 0.470625E+01 0.438640E+01 0.531869E+01 0.536402E+01 0.445522E+01 0.521661E+01
 0.402210E+01 0.415615E+01 0.480221E+01 0.441489E+01 0.491396E+01 0.497343E+01
 0.573367E+01 0.458001E+01 0.482461E+01 0.491658E+01 0.492356E+01 0.516305E+01
 0.436116E+01 0.570162E+01 0.499020E+01 0.597371E+01 0.493302E+01 0.502498E+01
 0.584628E+01 0.502118E+01 0.531360E+01 0.437014E+01 0.571645E+01 0.471396E+01
 0.508242E+01 0.483117E+01 0.425796E+01 0.588326E+01 0.454221E+01 0.371161E+01
 0.508640E+01 0.472853E+01 0.546216E+01 0.481715E+01 0.477849E+01 0.439867E+01
 0.479822E+01 0.411157E+01 0.432034E+01 0.417122E+01 0.393930E+01 0.576554E+01
 0.521550E+01 0.617476E+01 0.458719E+01 0.589926E+01 0.451458E+01 0.590584E+01
 0.519304E+01 0.533015E+01 0.539423E+01 0.439886E+01 0.511475E+01 0.502036E+01
 0.500242E+01 0.442654E+01 0.423140E+01 0.558243E+01 0.367047E+01 0.573187E+01
 0.543620E+01 0.466448E+01 0.396863E+01 0.444897E+01 0.362337E+01 0.585372E+01
 0.621195E+01 0.536818E+01 0.546560E+01 0.482379E+01 0.488610E+01 0.444064E+01
 0.503822E+01 0.475383E+01 0.567781E+01 0.491624E+01 0.427419E+01 0.474893E+01
 0.537023E+01 0.597329E+01 0.449660E+01 0.467965E+01 0.466481E+01 0.597407E+01
 0.513499E+01 0.508682E+01 0.475806E+01 0.407886E+01 0.517635E+01 0.449588E+01
 0.434127E+01 0.432915E+01 0.577779E+01 0.520850E+01 0.476778E+01 0.433992E+01
 0.327746E+01 0.466551E+01 0.444608E+01 0.513135E+01 0.680085E+01 0.354852E+01
 0.602172E+01 0.474403E+01 0.388312E+01 0.500310E+01 0.380190E+01 0.542285E+01
 0.403785E+01 0.551469E+01 0.491642E+01 0.498193E+01 0.488857E+01 0.483084E+01
 0.499208E+01 0.499370E+01 0.419935E+01 0.542995E+01 0.306433E+01 0.528147E+01
 0.570056E+01 0.445284E+01 0.470645E+01 0.412780E+01 0.456655E+01 0.470365E+01
 0.523387E+01 0.672510E+01 0.554257E+01 0.367000E+01 0.435279E+01 0.577632E+01
 0.390116E+01 0.431111E+01 0.381833E+01 0.415562E+01 0.448656E+01 0.509559E+01
 0.556998E+01 0.435958E+01 0.461509E+01 0.556820E+01 0.437386E+01 0.410142E+01
 0.512527E+01 0.417014E+01 0.480516E+01 0.444016E+01 0.560082E+01 0.436177E+01
 0.467623E+01 0.403101E+01 0.492283E+01 0.470683E+01 0.510218E+01 0.444687E+01
 0.482007E+01 0.522406E+01 0.569715E+01 0.505278E+01 0.411925E+01 0.563626E+01
 0.486258E+01 0.502648E+01 0.524775E+01 0.413283E+01 0.546190E+01 0.431354E+01
 0.468758E+01 0.477529E+01 0.443310E+01 0.502622E+01 0.521504E+01 0.600986E+01
 0.481682E+01 0.638456E+01 0.378486E+01 0.531841E+01 0.458262E+01 0.515193E+01
 0.567764E+01 0.344746E+01 0.462370E+01 0.582171E+01 0.478434E+01 0.411462E+01
 0.430241E+01 0.467173E+01 0.568541E+01 0.530704E+01 0.635831E+01 0.497221E+01
 0.494350E+01 0.601971E+01 0.478530E+01 0.414708E+01 0.529020E+01 0.589966E+01
 0.502358E+01 0.588265E+01 0.435436E+01 0.529392E+01 0.455932E+01 0.387670E+01
 0.461475E+01 0.550499E+01 0.519241E+01 0.492464E+01 0.367902E+01 0.556192E+01
 0.444898E+01 0.424441E+01 0.468415E+01 0.478014E+01 0.533664E+01 0.480462E+01
 0.458284E+01 0.472541E+01 0.585855E+01 0.623852E+01 0.467691E+01 0.514698E+01
 0.586872E+01 0.524232E+01 0.518406E+01 0.464384E+01 0.383305E+01 0.448422E+01
 0.564661E+01 0.590394E+01 0.524456E+01 0.425497E+01 0.551415E+01 0.582102E+01
 0.452902E+01 0.467479E+01 0.354584E+01 0.594288E+01 0.437855E+01 0.486517E+01
 0.401143E+01 0.498525E+01 0.505794E+01 0.408019E+01 0.473673E+01 0.477700E+01
 0.496745E+01 0.571793E+01 0.356896E+01 0.497388E+01 0.405920E+01 0.557250E+01
 0.507745E+01 0.559793E+01 0.471571E+01 0.374493E+01 0.516521E+01 0.450886E+01
 0.395416E+01 0.393475E+01 0.527877E+01 0.503456E+01 0.523996E+01 0.531642E+01
 0.476589E+01 0.478465E+01 0.545818E+01 0.529302E+01 0.475436E+01 0.565656E+01
 0.472300E+01 0.514392E+01 0.388218E+01 0.444808E+01 0.579533E+01 0.567684E+01
 0.478613E+01 0.555683E+01 0.488135E+01 0.486712E+01 0.453363E+01 0.521003E+01
 0.472762E+01 0.434559E+01 0.512074E+01 0.529120E+01 0.538176E+01 0.522715E+01
 0.466268E+01 0.432671E+01 0.499176E+01 0.491910E+01 0.414714E+01 0.502450E+01
 0.459591E+01 0.528733E+01 0.437804E+01 0.498153E+01 0.513985E+01 0.552683E+01
 0.432690E+01 0.531606E+01 0.412778E+01 0.505771E+01 0.499353E+01 0.571903E+01
 0.511743E+01 0.421830E+01 0.503610E+01 0.567618E+01 0.497026E+01 0.469240E+01
 0.587264E+01 0.495584E+01 0.438455E+01 0.394273E+01 0.443853E+01 0.602360E+01
 0.728393E+01 0.377310E+01 0.528389E+01 0.458659E+01 0.450864E+01 0.500411E+01
 0.519135E+01 0.449936E+01 0.451556E+01 0.364881E+01 0.445252E+01 0.539062E+01
 0.402134E+01 0.534774E+01 0.382095E+01 0.592746E+01 0.491936E+01 0.425825E+01
 0.469530E+01 0.621303E+01 0.481029E+01 0.532799E+01 0.550075E+01 0.486608E+01
 0.476201E+01 0.425097E+01 0.470300E+01 0.387666E+01 0.534252E+01 0.510751E+01
 0.561380E+01 0.478986E+01 0.362092E+01 0.504462E+01 0.530686E+01 0.419033E+01
 0.541027E+01 0.540907E+01 0.516797E+01 0.435423E+01 0.520747E+01 0.426233E+01
 0.423551E+01 0.384280E+01 0.410090E+01 0.512761E+01 0.357581E+01 0.520942E+01
 0.429478E+01 0.558300E+01 0.565301E+01 0.460701E+01 0.434855E+01 0.459481E+01
 0.460209E+01 0.435002E+01 0.578324E+01 0.440869E+01 0.627008E+01 0.541640E+01
 0.446136E+01 0.432770E+01 0.450716E+01 0.481894E+01 0.530282E+01 0.438448E+01
 0.637309E+01 0.460174E+01 0.397336E+01 0.509305E+01 0.456066E+01 0.552865E+01
 0.408253E+01 0.528250E+01 0.399942E+01 0.606681E+01 0.464846E+01 0.629068E+01
 0.384299E+01 0.399487E+01 0.480484E+01 0.502686E+01 0.364111E+01 0.476885E+01
 0.475398E+01 0.412636E+01 0.470202E+01 0.495881E+01 0.514614E+01 0.472292E+01
 0.463773E+01 0.482056E+01 0.506360E+01 0.495604E+01 0.525264E+01 0.583758E+01
 0.570292E+01 0.410244E+01 0.561994E+01 0.466069E+01 0.570461E+01 0.369950E+01
 0.443472E+01 0.364109E+01 0.572409E+01 0.442779E+01 0.547885E+01 0.429229E+01
 0.442384E+01 0.461602E+01 0.476715E+01 0.401641E+01 0.463993E+01 0.453267E+01
 0.492638E+01 0.567841E+01 0.515282E+01 0.562201E+01 0.404293E+01 0.606985E+01
 0.458227E+01 0.461337E+01 0.464656E+01 0.496109E+01 0.482132E+01 0.497482E+01
 0.463140E+01 0.486481E+01 0.525054E+01 0.465484E+01 0.510230E+01 0.362358E+01
 0.360350E+01 0.521543E+01 0.459091E+01 0.546897E+01 0.523422E+01 0.520041E+01
 0.501110E+01 0.447438E+01 0.450920E+01 0.609137E+01 0.641105E+01 0.468783E+01
 0.422345E+01 0.376985E+01 0.505670E+01 0.510967E+01 0.510685E+01 0.490695E+01
 0.485350E+01 0.530485E+01 0.546389E+01 0.396554E+01 0.491344E+01 0.459725E+01
 0.626003E+01 0.410168E+01 0.543821E+01 0.505261E+01 0.535307E+01 0.456327E+01
 0.456058E+01 0.451884E+01 0.591541E+01 0.504963E+01 0.476091E+01 0.395486E+01
 0.515638E+01 0.443125E+01 0.406269E+01 0.450362E+01 0.534024E+01 0.421154E+01
 0.549999E+01 0.490439E+01 0.519688E+01 0.440065E+01 0.379253E+01 0.472328E+01
 0.585196E+01 0.466103E+01 0.425002E+01 0.571280E+01 0.427565E+01 0.499614E+01
 0.548075E+01 0.460907E+01 0.526601E+01 0.577986E+01 0.597989E+01 0.510268E+01
 0.579253E+01 0.526039E+01 0.603358E+01 0.526128E+01 0.411281E+01 0.443677E+01
 0.437979E+01 0.459517E+01 0.577648E+01 0.533719E+01 0.402209E+01 0.505564E+01
 0.468297E+01 0.503851E+01 0.570183E+01 0.421323E+01 0.447859E+01 0.430266E+01
 0.545727E+01 0.504748E+01 0.415501E+01 0.512301E+01 0.513621E+01 0.475718E+01
 0.480126E+01 0.460687E+01 0.503394E+01 0.453692E+01 0.483611E+01 0.426655E+01
 0.334668E+01 0.437939E+01 0.448074E+01 0.531229E+01 0.446372E+01 0.517837E+01
 0.470228E+01 0.557698E+01 0.398384E+01 0.322573E+01 0.478173E+01 0.581424E+01
 0.507921E+01 0.519206E+01 0.466653E+01 0.562715E+01 0.609822E+01 0.587573E+01
 0.396646E+01 0.566167E+01 0.381167E+01 0.407487E+01 0.540937E+01 0.582259E+01
 0.455614E+01 0.522503E+01 0.638186E+01 0.635550E+01 0.486667E+01 0.430887E+01
 0.462324E+01 0.475522E+01 0.477709E+01 0.330862E+01 0.587978E+01 0.597633E+01
 0.486373E+01 0.525666E+01 0.598773E+01 0.427321E+01 0.697907E+01 0.471262E+01
 0.465655E+01 0.579483E+01 0.434652E+01 0.444764E+01 0.566885E+01 0.445516E+01
 0.685578E+01 0.422554E+01 0.491606E+01 0.487974E+01 0.578568E+01 0.534032E+01
 0.616370E+01 0.440947E+01 0.626097E+01 0.385553E+01 0.584935E+01 0.411866E+01
 0.546019E+01 0.446082E+01 0.508908E+01 0.491960E+01 0.447351E+01 0.467863E+01
 0.414712E+01 0.440918E+01 0.604773E+01 0.433468E+01 0.490595E+01 0.504811E+01
 0.446582E+01 0.409111E+01 0.528526E+01 0.413576E+01 0.359857E+01 0.428025E+01
 0.503973E+01 0.515720E+01 0.458718E+01 0.502435E+01 0.613412E+01 0.518606E+01
 0.544493E+01 0.522409E+01 0.518437E+01 0.493791E+01 0.468089E+01 0.461958E+01
 0.607035E+01 0.414039E+01 0.519050E+01 0.506256E+01 0.364619E+01 0.633205E+01
 0.547451E+01 0.425031E+01 0.407406E+01 0.523332E+01 0.390352E+01 0.580487E+01
 0.528837E+01 0.502314E+01 0.563558E+01 0.469157E+01 0.445003E+01 0.524849E+01
 0.523058E+01 0.453002E+01 0.319386E+01 0.587167E+01 0.543926E+01 0.474291E+01
 0.441312E+01 0.526293E+01 0.477976E+01 0.476876E+01 0.441703E+01 0.392405E+01
 0.351985E+01 0.360046E+01 0.518445E+01 0.483420E+01 0.684525E+01 0.537700E+01
 0.510679E+01 0.508165E+01 0.513146E+01 0.426558E+01 0.611085E+01 0.546646E+01
 0.501057E+01 0.453907E+01 0.496406E+01 0.484594E+01 0.498735E+01 0.528168E+01
 0.570231E+01 0.510735E+01 0.527629E+01 0.509796E+01 0.388888E+01 0.540468E+01
 0.556160E+01 0.430851E+01 0.441599E+01 0.550240E+01 0.442556E+01 0.508841E+01
 0.446068E+01 0.464964E+01 0.554552E+01 0.500032E+01 0.533328E+01 0.479561E+01
 0.446386E+01 0.644289E+01 0.521601E+01 0.486971E+01 0.553756E+01 0.536329E+01
 0.473885E+01 0.422609E+01 0.478124E+01 0.540337E+01 0.541524E+01 0.424033E+01
 0.549704E+01 0.553735E+01 0.548843E+01 0.468410E+01 0.555227E+01 0.482274E+01
 0.443386E+01 0.510957E+01 0.531949E+01 0.452337E+01 0.480690E+01 0.568224E+01
 0.486491E+01 0.538885E+01 0.433957E+01 0.586312E+01 0.380444E+01 0.384774E+01
 0.520042E+01 0.544074E+01 0.506885E+01 0.474912E+01 0.567270E+01 0.507780E+01
 0.476344E+01 0.497110E+01 0.396196E+01 0.515060E+01 0.491561E+01 0.589158E+01
 0.489176E+01 0.414791E+01 0.607368E+01 0.429957E+01 0.512386E+01 0.495281E+01
 0.449425E+01 0.437189E+01 0.427897E+01 0.492131E+01 0.539129E+01 0.607134E+01
 0.393189E+01 0.484184E+01 0.440953E+01 0.526640E+01 0.570935E+01 0.486330E+01
 0.304815E+01 0.606610E+01 0.436473E+01 0.540193E+01 0.480071E+01 0.434229E+01
 0.372760E+01 0.424008E+01 0.563062E+01 0.404827E+01 0.476738E+01 0.515761E+01
 0.565114E+01 0.474088E+01 0.504915E+01 0.352996E+01 0.500873E+01 0.459203E+01
 0.486587E+01 0.492556E+01 0.465361E+01 0.405457E+01 0.512893E+01 0.424665E+01
 0.441752E+01 0.499571E+01 0.500825E+01 0.553723E+01 0.505311E+01 0.423492E+01
 0.493975E+01 0.394056E+01 0.415484E+01 0.478578E+01 0.432608E+01 0.522546E+01
 0.604103E+01 0.538586E+01 0.462311E+01 0.536070E+01 0.392285E+01 0.458391E+01
 0.378310E+01 0.468912E+01 0.484639E+01 0.461239E+01 0.570235E+01 0.584901E+01
 0.421472E+01 0.558053E+01 0.437729E+01 0.374480E+01 0.537769E+01 0.412039E+01
 0.378884E+01 0.401514E+01 0.555237E+01 0.513229E+01 0.504165E+01 0.528526E+01
 0.469387E+01 0.538221E+01 0.424642E+01 0.531025E+01 0.507132E+01 0.443703E+01
 0.470885E+01 0.461391E+01 0.610314E+01 0.388701E+01 0.400408E+01 0.441372E+01
 0.415843E+01 0.485476E+01 0.518828E+01 0.590294E+01 0.555833E+01 0.417434E+01
 0.466681E+01 0.463539E+01 0.472174E+01 0.425196E+01 0.456966E+01 0.532277E+01
 0.372519E+01 0.343916E+01 0.418456E+01 0.486960E+01 0.500779E+01 0.541182E+01
 0.509986E+01 0.374553E+01 0.526631E+01 0.429214E+01 0.558790E+01 0.517307E+01
 0.565699E+01 0.452259E+01 0.519439E+01 0.533022E+01 0.457079E+01 0.526747E+01
 0.453467E+01 0.439717E+01 0.429922E+01 0.520369E+01 0.454313E+01 0.534103E+01
 0.519616E+01 0.508591E+01 0.408967E+01 0.490034E+01 0.488718E+01 0.573884E+01
 0.439301E+01 0.396553E+01 0.472604E+01 0.473047E+01 0.528551E+01 0.473710E+01
 0.437980E+01 0.556926E+01 0.483446E+01 0.493314E+01 0.430251E+01 0.584501E+01
 0.450760E+01 0.425496E+01 0.540193E+01 0.489925E+01 0.462987E+01 0.474309E+01
 0.364952E+01 0.510827E+01 0.469054E+01 0.481786E+01 0.493836E+01 0.530035E+01
 0.543361E+01 0.436286E+01 0.563971E+01 0.420801E+01 0.472541E+01 0.588416E+01
 0.518917E+01 0.498870E+01 0.433508E+01 0.566840E+01 0.641030E+01 0.483555E+01
 0.457710E+01 0.478298E+01 0.407285E+01 0.469129E+01 0.542153E+01 0.517437E+01
 0.572409E+01 0.485785E+01 0.489265E+01 0.452217E+01 0.505359E+01 0.453286E+01
 0.435440E+01 0.472091E+01 0.443394E+01 0.624311E+01 0.623784E+01 0.492937E+01
 0.460221E+01 0.574401E+01 0.465670E+01 0.518551E+01 0.431085E+01 0.435118E+01
 0.525784E+01 0.457045E+01 0.611852E+01 0.355046E+01 0.437561E+01 0.462736E+01
 0.546757E+01 0.499031E+01 0.368047E+01 0.528129E+01 0.512772E+01 0.501808E+01
 0.507851E+01 0.464188E+01 0.427800E+01 0.565294E+01 0.512552E+01 0.490480E+01
 0.531299E+01 0.454010E+01 0.413876E+01 0.428023E+01 0.489048E+01 0.521128E+01
 0.508404E+01 0.437755E+01 0.397474E+01 0.459205E+01 0.368145E+01 0.581842E+01
 0.505857E+01 0.506989E+01 0.550280E+01 0.555698E+01 0.348354E+01 0.509113E+01
 0.551322E+01 0.477886E+01 0.590349E+01 0.442327E+01 0.419844E+01 0.522843E+01
 0.444317E+01 0.503865E+01 0.405119E+01 0.567352E+01 0.499740E+01 0.508512E+01
 0.432711E+01 0.457846E+01 0.452509E+01 0.507802E+01 0.553365E+01 0.440788E+01
 0.297423E+01 0.498572E+01 0.440763E+01 0.455921E+01 0.440515E+01 0.669401E+01
 0.448341E+01 0.423791E+01 0.496618E+01 0.570418E+01 0.583503E+01 0.559231E+01
 0.450560E+01 0.523012E+01 0.564832E+01 0.517145E+01 0.509148E+01 0.498027E+01
 0.572711E+01 0.545572E+01 0.509633E+01 0.537116E+01 0.530670E+01 0.532063E+01
 0.521575E+01 0.597931E+01 0.483197E+01 0.552494E+01 0.417627E+01 0.497479E+01
 0.423551E+01 0.417696E+01 0.399598E+01 0.431221E+01 0.354128E+01 0.560674E+01
 0.509410E+01 0.485015E+01 0.468867E+01 0.475871E+01 0.565248E+01 0.410824E+01
 0.352623E+01 0.414193E+01 0.469018E+01 0.584952E+01 0.482326E+01 0.509391E+01
 0.491304E+01 0.545254E+01 0.427642E+01 0.415231E+01 0.505532E+01 0.470489E+01
 0.509323E+01 0.538465E+01 0.398838E+01 0.480416E+01 0.473628E+01 0.615485E+01
 0.540326E+01 0.473101E+01 0.570550E+01 0.472894E+01 0.555188E+01 0.493022E+01
 0.555685E+01 0.412881E+01 0.530747E+01 0.406629E+01 0.543598E+01 0.544209E+01
 0.494025E+01 0.542261E+01 0.384878E+01 0.440693E+01 0.428132E+01 0.403270E+01
 0.461797E+01 0.377052E+01 0.416936E+01 0.475492E+01 0.357778E+01 0.591615E+01
 0.440165E+01 0.544617E+01 0.385195E+01 0.425979E+01 0.527197E+01 0.516149E+01
 0.507581E+01 0.568725E+01 0.440153E+01 0.513441E+01 0.560563E+01 0.458319E+01
 0.477991E+01 0.540500E+01 0.601378E+01 0.462472E+01 0.389298E+01 0.443344E+01
 0.554957E+01 0.420784E+01 0.529560E+01 0.401973E+01 0.336647E+01 0.463323E+01
 0.455635E+01 0.608496E+01 0.491889E+01 0.499879E+01 0.478670E+01 0.458253E+01
 0.500169E+01 0.519468E+01 0.473520E+01 0.566592E+01 0.500323E+01 0.462730E+01
 0.404016E+01 0.481208E+01 0.482865E+01 0.561317E+01 0.406484E+01 0.569091E+01
 0.466319E+01 0.555376E+01 0.494842E+01 0.383632E+01 0.578197E+01 0.342550E+01
 0.442009E+01 0.495264E+01 0.580362E+01 0.554666E+01 0.491509E+01 0.441370E+01
 0.576906E+01 0.481055E+01 0.410858E+01 0.513543E+01 0.460984E+01 0.488044E+01
 0.584882E+01 0.391996E+01 0.394573E+01 0.372610E+01 0.524534E+01 0.486652E+01
 0.485263E+01 0.475791E+01 0.495840E+01 0.497701E+01 0.524354E+01 0.586285E+01
 0.394201E+01 0.512327E+01 0.396426E+01 0.625700E+01 0.466090E+01 0.474517E+01
 0.449202E+01 0.521354E+01 0.440344E+01 0.436525E+01 0.465621E+01 0.533400E+01
 0.574728E+01 0.504602E+01 0.439900E+01 0.577558E+01 0.467960E+01 0.511175E+01
 0.567971E+01 0.542069E+01 0.536978E+01 0.630842E+01 0.511278E+01 0.532742E+01
 0.518757E+01 0.635464E+01 0.453675E+01 0.434408E+01 0.495915E+01 0.505114E+01
 0.420238E+01 0.505579E+01 0.494891E+01 0.553677E+01 0.458725E+01 0.456769E+01
 0.467210E+01 0.465305E+01 0.579505E+01 0.506067E+01 0.510049E+01 0.549527E+01
 0.455217E+01 0.429477E+01 0.533486E+01 0.447661E+01 0.577065E+01 0.514077E+01
 0.497220E+01 0.520711E+01 0.384989E+01 0.422296E+01 0.467006E+01 0.545971E+01
 0.515242E+01 0.363956E+01 0.464809E+01 0.389429E+01 0.447225E+01 0.585798E+01
 0.505405E+01 0.476451E+01 0.495063E+01 0.561943E+01 0.525980E+01 0.564994E+01
 0.434337E+01 0.571241E+01 0.490116E+01 0.538474E+01 0.532237E+01 0.529714E+01
 0.536276E+01 0.523875E+01 0.430625E+01 0.493532E+01 0.554515E+01 0.382123E+01
 0.552607E+01 0.498893E+01 0.574856E+01 0.475782E+01 0.600070E+01 0.567340E+01
 0.646626E+01 0.591249E+01 0.511563E+01 0.518246E+01 0.409123E+01 0.542964E+01
 0.601668E+01 0.473813E+01 0.522519E+01 0.536619E+01 0.329310E+01 0.486960E+01
 0.410242E+01 0.428899E+01 0.512495E+01 0.440934E+01 0.459725E+01 0.521477E+01
 0.550796E+01 0.412073E+01 0.431744E+01 0.513021E+01 0.472026E+01 0.516031E+01
 0.511410E+01 0.481891E+01 0.562941E+01 0.461773E+01 0.494752E+01 0.535710E+01
 0.589329E+01 0.439055E+01 0.471718E+01 0.506981E+01 0.452990E+01 0.502737E+01
 0.545350E+01 0.395120E+01 0.513019E+01 0.519963E+01 0.382514E+01 0.464690E+01
 0.684830E+01 0.429480E+01 0.519235E+01 0.569919E+01 0.474174E+01 0.516980E+01
 0.532862E+01 0.453884E+01 0.471226E+01 0.452795E+01 0.537213E+01 0.551694E+01
 0.502287E+01 0.519860E+01 0.385952E+01 0.615645E+01 0.597295E+01 0.434335E+01
 0.527566E+01 0.418868E+01 0.444597E+01 0.494545E+01 0.504370E+01 0.516563E+01
 0.512352E+01 0.565987E+01 0.455866E+01 0.425616E+01 0.531772E+01 0.508190E+01
 0.372818E+01 0.509121E+01 0.452752E+01 0.493836E+01 0.542917E+01 0.501377E+01
 0.513702E+01 0.350181E+01 0.431934E+01 0.623970E+01 0.572443E+01 0.435270E+01
 0.556735E+01 0.430787E+01 0.593489E+01 0.537378E+01 0.493497E+01 0.666577E+01
 0.534906E+01 0.548927E+01 0.595612E+01 0.435235E+01 0.433498E+01 0.414692E+01
 0.506269E+01 0.451470E+01 0.574844E+01 0.472076E+01 0.496042E+01 0.460728E+01
 0.519871E+01 0.490918E+01 0.473919E+01 0.546705E+01 0.412337E+01 0.510290E+01
 0.491944E+01 0.443834E+01 0.491027E+01 0.634625E+01 0.481471E+01 0.538097E+01
 0.385941E+01 0.546041E+01 0.650688E+01 0.382364E+01 0.446783E+01 0.438696E+01
 0.566269E+01 0.435339E+01 0.453478E+01 0.426087E+01 0.527944E+01 0.562927E+01
 0.420770E+01 0.441450E+01 0.560389E+01 0.486506E+01 0.528616E+01 0.508287E+01
 0.393584E+01 0.461955E+01 0.358868E+01 0.554188E+01 0.477647E+01 0.411780E+01
 0.478028E+01 0.485984E+01 0.563009E+01 0.531434E+01 0.641085E+01 0.480641E+01
 0.564201E+01 0.417472E+01 0.425444E+01 0.469108E+01 0.443531E+01 0.438977E+01
 0.474803E+01 0.476934E+01 0.502643E+01 0.526620E+01 0.393043E+01 0.546043E+01
 0.502715E+01 0.565193E+01 0.382764E+01 0.647832E+01 0.587299E+01 0.417941E+01
 0.521430E+01 0.538233E+01 0.565421E+01 0.504348E+01 0.605330E+01 0.413343E+01
 0.579946E+01 0.516399E+01 0.425218E+01 0.539438E+01 0.561759E+01 0.527396E+01
 0.481664E+01 0.602641E+01 0.530007E+01 0.500952E+01 0.406603E+01 0.509216E+01
 0.444052E+01 0.528552E+01 0.502831E+01 0.386238E+01 0.465242E+01 0.453427E+01
 0.489662E+01 0.436341E+01 0.522375E+01 0.526590E+01 0.411224E+01 0.583511E+01
 0.363821E+01 0.473281E+01 0.467754E+01 0.685803E+01 0.431814E+01 0.583667E+01
 0.592935E+01 0.490516E+01 0.652084E+01 0.533839E+01 0.550676E+01 0.446631E+01
 0.463156E+01 0.653020E+01 0.499243E+01 0.367830E+01 0.604829E+01 0.543850E+01
 0.484261E+01 0.454882E+01 0.581397E+01 0.522496E+01 0.516462E+01 0.366934E+01
 0.505407E+01 0.548014E+01 0.484796E+01 0.541632E+01 0.533544E+01 0.435274E+01
 0.646043E+01 0.592922E+01 0.536237E+01 0.423423E+01 0.494516E+01 0.535575E+01
 0.503276E+01 0.466875E+01 0.534564E+01 0.575243E+01 0.395365E+01 0.415597E+01
 0.460021E+01 0.534149E+01 0.482615E+01 0.468460E+01 0.500580E+01 0.461068E+01
 0.497933E+01 0.432546E+01 0.577977E+01 0.441109E+01 0.458564E+01 0.474515E+01
 0.517988E+01 0.551973E+01 0.471438E+01 0.495899E+01 0.453809E+01 0.524045E+01
 0.444411E+01 0.487443E+01 0.488339E+01 0.481487E+01 0.444300E+01 0.451817E+01
 0.450990E+01 0.443308E+01 0.529296E+01 0.516637E+01 0.389824E+01 0.508934E+01
 0.505017E+01 0.482220E+01 0.515328E+01 0.434517E+01 0.513558E+01 0.405365E+01
 0.540506E+01 0.427614E+01 0.399914E+01 0.521795E+01 0.568890E+01 0.482577E+01
 0.441994E+01 0.484673E+01 0.588102E+01 0.435236E+01 0.486079E+01 0.441380E+01
 0.452257E+01 0.305002E+01 0.501491E+01 0.484612E+01 0.421524E+01 0.583304E+01
 0.480121E+01 0.559669E+01 0.475758E+01 0.496223E+01 0.398447E+01 0.518285E+01
 0.553366E+01 0.563257E+01 0.411736E+01 0.513775E+01 0.497152E+01 0.442832E+01
 0.544676E+01 0.395184E+01 0.447578E+01 0.496534E+01 0.434616E+01 0.522996E+01
 0.459736E+01 0.500179E+01 0.483201E+01 0.511555E+01 0.418605E+01 0.495888E+01
 0.460582E+01 0.395128E+01 0.343316E+01 0.537200E+01 0.448380E+01 0.570168E+01
 0.507643E+01 0.549381E+01 0.674058E+01 0.517998E+01 0.600825E+01 0.492866E+01
 0.523358E+01 0.512781E+01 0.446914E+01 0.519743E+01 0.459984E+01 0.429734E+01
 0.472931E+01 0.523827E+01 0.546692E+01 0.428472E+01 0.476710E+01 0.627101E+01
 0.508941E+01 0.511325E+01 0.523236E+01 0.480188E+01 0.590849E+01 0.532884E+01
 0.445047E+01 0.477432E+01 0.621144E+01 0.451415E+01 0.560405E+01 0.594620E+01
 0.452069E+01 0.618203E+01 0.460748E+01 0.470303E+01 0.359888E+01 0.413838E+01
 0.484566E+01 0.361005E+01 0.455342E+01 0.538539E+01 0.304564E+01 0.595048E+01
 0.525256E+01 0.434375E+01 0.486873E+01 0.468512E+01 0.478501E+01 0.448160E+01
 0.501120E+01 0.441998E+01 0.472980E+01 0.448267E+01 0.479705E+01 0.421334E+01
 0.507777E+01 0.337029E+01 0.436814E+01 0.456713E+01 0.424367E+01 0.423716E+01
 0.409678E+01 0.553530E+01 0.461962E+01 0.502503E+01 0.496267E+01 0.437126E+01
 0.510761E+01 0.516585E+01 0.488624E+01 0.407217E+01 0.532570E+01 0.478905E+01
 0.513391E+01 0.363432E+01 0.582678E+01 0.431433E+01 0.616205E+01 0.553015E+01
 0.459820E+01 0.509294E+01 0.544110E+01 0.452558E+01 0.502212E+01 0.477934E+01
 0.582866E+01 0.460386E+01 0.451238E+01 0.550862E+01 0.571838E+01 0.448042E+01
 0.532413E+01 0.463554E+01 0.437139E+01 0.467851E+01 0.643425E+01 0.538849E+01
 0.464384E+01 0.458455E+01 0.530450E+01 0.487737E+01 0.535016E+01 0.506922E+01
 0.500078E+01 0.491324E+01 0.503086E+01 0.646430E+01 0.440992E+01 0.522343E+01
 0.432000E+01 0.553077E+01 0.343598E+01 0.578640E+01 0.498708E+01 0.517071E+01
 0.605926E+01 0.423216E+01 0.460872E+01 0.452985E+01 0.455602E+01 0.367071E+01
 0.564766E+01 0.498714E+01 0.398221E+01 0.439677E+01 0.526584E+01 0.551147E+01
 0.554125E+01 0.474983E+01 0.505169E+01 0.505288E+01 0.337936E+01 0.421312E+01
 0.573260E+01 0.396621E+01 0.506571E+01 0.529672E+01 0.437828E+01 0.594561E+01
 0.544887E+01 0.457553E+01 0.445875E+01 0.430937E+01 0.547044E+01 0.518112E+01
 0.409429E+01 0.451151E+01 0.386922E+01 0.577834E+01 0.486639E+01 0.565097E+01
 0.564899E+01 0.522413E+01 0.578506E+01 0.481831E+01 0.579067E+01 0.466103E+01
 0.518570E+01 0.412471E+01 0.616940E+01 0.467121E+01 0.551408E+01 0.505194E+01
 0.429337E+01 0.503214E+01 0.582521E+01 0.435369E+01 0.575256E+01 0.394797E+01
 0.436551E+01 0.460740E+01 0.498451E+01 0.527750E+01 0.473798E+01 0.591476E+01
 0.557679E+01 0.462418E+01 0.604807E+01 0.596355E+01 0.526299E+01 0.564658E+01
 0.479328E+01 0.438080E+01 0.597482E+01 0.493988E+01 0.432057E+01 0.661555E+01
 0.493497E+01 0.469338E+01 0.652044E+01 0.460006E+01 0.542525E+01 0.502839E+01
 0.410347E+01 0.590517E+01 0.385874E+01 0.481626E+01 0.485080E+01 0.451653E+01
 0.520501E+01 0.604982E+01 0.448394E+01 0.423100E+01 0.534311E+01 0.498106E+01
 0.541175E+01 0.504318E+01 0.368573E+01 0.406651E+01 0.525444E+01 0.520201E+01
 0.408797E+01 0.438589E+01 0.435960E+01 0.483559E+01 0.594325E+01 0.430900E+01
 0.532167E+01 0.414805E+01 0.476351E+01 0.525635E+01 0.477247E+01 0.552914E+01
 0.468671E+01 0.378120E+01 0.456013E+01 0.418041E+01 0.475817E+01 0.427912E+01
 0.415459E+01 0.450693E+01 0.455970E+01 0.517201E+01 0.413841E+01 0.507072E+01
 0.416716E+01 0.567072E+01 0.523048E+01 0.519481E+01 0.408435E+01 0.498921E+01
 0.530603E+01 0.573576E+01 0.420504E+01 0.492930E+01 0.506525E+01 0.427808E+01
 0.499510E+01 0.490124E+01 0.414524E+01 0.450338E+01 0.503359E+01 0.424212E+01
 0.467966E+01 0.506198E+01 0.491214E+01 0.404807E+01 0.372968E+01 0.473405E+01
 0.495878E+01 0.477533E+01 0.377382E+01 0.291529E+01 0.507284E+01 0.463459E+01
 0.495677E+01 0.451456E+01 0.522153E+01 0.513160E+01 0.471712E+01 0.441828E+01
 0.564364E+01 0.494722E+01 0.463898E+01 0.522069E+01 0.487370E+01 0.494838E+01
 0.474435E+01 0.501393E+01 0.488883E+01 0.494101E+01 0.525556E+01 0.424675E+01
 0.541246E+01 0.541310E+01 0.497781E+01 0.513588E+01 0.530590E+01 0.520261E+01
 0.432652E+01 0.396760E+01 0.444214E+01 0.390288E+01 0.466864E+01 0.539677E+01
 0.440465E+01 0.446998E+01 0.472819E+01 0.472215E+01 0.515147E+01 0.530477E+01
 0.586820E+01 0.467416E+01 0.412270E+01 0.336801E+01 0.638377E+01 0.472101E+01
 0.608556E+01 0.505872E+01 0.516889E+01 0.409416E+01 0.497464E+01 0.389549E+01
 0.537439E+01 0.554686E+01 0.523868E+01 0.452957E+01 0.436638E+01 0.531388E+01
 0.496859E+01 0.516740E+01 0.584197E+01 0.473224E+01 0.591782E+01 0.457846E+01
 0.455603E+01 0.545299E+01 0.492486E+01 0.465739E+01 0.524814E+01 0.505977E+01
 0.506350E+01 0.431001E+01 0.484062E+01 0.512055E+01 0.422742E+01 0.596689E+01
 0.564417E+01 0.411558E+01 0.391965E+01 0.478132E+01 0.442911E+01 0.445576E+01
 0.401786E+01 0.445701E+01 0.513315E+01 0.452897E+01 0.614475E+01 0.522203E+01
 0.495660E+01 0.422794E+01 0.686897E+01 0.496808E+01 0.505233E+01 0.591115E+01
 0.452273E+01 0.543469E+01 0.618937E+01 0.375659E+01 0.424260E+01 0.431880E+01
 0.524921E+01 0.381894E+01 0.558363E+01 0.475736E+01 0.473717E+01 0.514864E+01
 0.551421E+01 0.457140E+01 0.596741E+01 0.452838E+01 0.441539E+01 0.510642E+01
 0.426010E+01 0.507714E+01 0.620143E+01 0.530755E+01 0.470303E+01 0.530517E+01
 0.451474E+01 0.436955E+01 0.372677E+01 0.579111E+01 0.570832E+01 0.493246E+01
 0.422458E+01 0.418537E+01 0.427073E+01 0.577698E+01 0.533954E+01 0.450542E+01
 0.446793E+01 0.453859E+01 0.457379E+01 0.372870E+01 0.547062E+01 0.474233E+01
 0.537505E+01 0.510001E+01 0.484446E+01 0.349369E+01 0.463799E+01 0.364937E+01
 0.462352E+01 0.529534E+01 0.476210E+01 0.481299E+01 0.437007E+01 0.633900E+01
 0.457902E+01 0.497632E+01 0.553519E+01 0.523062E+01 0.545723E+01 0.585108E+01
 0.440596E+01 0.456332E+01 0.493628E+01 0.411179E+01 0.478671E+01 0.483872E+01
 0.524354E+01 0.414475E+01 0.488864E+01 0.621784E+01 0.511997E+01 0.501932E+01
 0.460579E+01 0.520024E+01 0.469443E+01 0.508385E+01 0.363743E+01 0.460052E+01
 0.614778E+01 0.650201E+01 0.498711E+01 0.520329E+01 0.444963E+01 0.524485E+01
 0.478762E+01 0.372127E+01 0.526140E+01 0.533228E+01 0.522935E+01 0.555028E+01
 0.473043E+01 0.462134E+01 0.469815E+01 0.497775E+01 0.524528E+01 0.562690E+01
 0.410965E+01 0.519562E+01 0.378624E+01 0.486685E+01 0.406779E+01 0.435492E+01
 0.499828E+01 0.442547E+01 0.400146E+01 0.561925E+01 0.545116E+01 0.517197E+01
 0.387254E+01 0.414732E+01 0.522427E+01 0.464922E+01 0.529131E+01 0.505182E+01
 0.401895E+01 0.418748E+01 0.526916E+01 0.452172E+01 0.498414E+01 0.574470E+01
 0.380452E+01 0.475227E+01 0.480984E+01 0.492561E+01 0.450607E+01 0.472379E+01
 0.467591E+01 0.360857E+01 0.627732E+01 0.580573E+01 0.459624E+01 0.511413E+01
 0.459285E+01 0.537873E+01 0.501627E+01 0.565641E+01 0.435822E+01 0.419034E+01
 0.462954E+01 0.477785E+01 0.530549E+01 0.587032E+01 0.454601E+01 0.418241E+01
 0.410099E+01 0.474299E+01 0.405228E+01 0.513460E+01 0.491005E+01 0.427723E+01
 0.503723E+01 0.436392E+01 0.504922E+01 0.509757E+01 0.527231E+01 0.518574E+01
 0.513771E+01 0.590579E+01 0.427051E+01 0.502756E+01 0.380897E+01 0.516832E+01
 0.410896E+01 0.433426E+01 0.680834E+01 0.547573E+01 0.349478E+01 0.488942E+01
 0.442776E+01 0.527503E+01 0.455104E+01 0.448951E+01 0.673240E+01 0.453411E+01
 0.522622E+01 0.504896E+01 0.442101E+01 0.559983E+01 0.567392E+01 0.469372E+01
 0.437820E+01 0.496302E+01 0.501226E+01 0.462864E+01 0.498700E+01 0.547349E+01
 0.596099E+01 0.414050E+01 0.549052E+01 0.417713E+01 0.346523E+01 0.477071E+01
 0.477285E+01 0.587638E+01 0.408857E+01 0.443639E+01 0.563850E+01 0.519495E+01
 0.468856E+01 0.589240E+01 0.490630E+01 0.468505E+01 0.453481E+01 0.401383E+01
 0.490358E+01 0.596934E+01 0.403581E+01 0.490294E+01 0.437443E+01 0.634333E+01
 0.485341E+01 0.548545E+01 0.465395E+01 0.432310E+01 0.403411E+01 0.418002E+01
 0.400993E+01 0.416815E+01 0.553807E+01 0.546909E+01 0.425005E+01 0.510695E+01
 0.463774E+01 0.462916E+01 0.517203E+01 0.527707E+01 0.501209E+01 0.468887E+01
 0.590260E+01 0.410356E+01 0.506317E+01 0.645071E+01 0.594857E+01 0.467219E+01
 0.545973E+01 0.452678E+01 0.535472E+01 0.500177E+01 0.531183E+01 0.597714E+01
 0.470070E+01 0.506849E+01 0.591690E+01 0.511466E+01 0.558843E+01 0.538847E+01
 0.472440E+01 0.476413E+01 0.483968E+01 0.347433E+01 0.473061E+01 0.429536E+01
 0.507284E+01 0.448679E+01 0.519162E+01 0.494279E+01 0.523040E+01 0.465342E+01
 0.399670E+01 0.438649E+01 0.450548E+01 0.579051E+01 0.479956E+01 0.401451E+01
 0.499021E+01 0.445382E+01 0.442368E+01 0.464851E+01 0.514230E+01 0.421096E+01
 0.479807E+01 0.550685E+01 0.515783E+01 0.585194E+01 0.474337E+01 0.485098E+01
 0.497532E+01 0.515276E+01 0.514334E+01 0.523106E+01 0.549681E+01 0.451181E+01
 0.433503E+01 0.432608E+01 0.461800E+01 0.477780E+01 0.530129E+01 0.520412E+01
 0.514064E+01 0.444587E+01 0.454705E+01 0.433323E+01 0.552913E+01 0.567592E+01
 0.473915E+01 0.432319E+01 0.389206E+01 0.375578E+01 0.420761E+01 0.524748E+01
 0.480025E+01 0.546688E+01 0.472814E+01 0.600917E+01 0.443814E+01 0.540975E+01
 0.415108E+01 0.450264E+01 0.402741E+01 0.426522E+01 0.566315E+01 0.544087E+01
 0.519012E+01 0.438561E+01 0.431395E+01 0.522428E+01 0.533488E+01 0.508983E+01
 0.391706E+01 0.545976E+01 0.449672E+01 0.521120E+01 0.478614E+01 0.480996E+01
 0.572348E+01 0.528706E+01 0.444630E+01 0.440852E+01 0.560452E+01 0.485489E+01
 0.494205E+01 0.472373E+01 0.325381E+01 0.444646E+01 0.424363E+01 0.414386E+01
 0.428942E+01 0.449575E+01 0.483955E+01 0.495000E+01 0.489501E+01 0.456236E+01
 0.548472E+01 0.490609E+01 0.559630E+01 0.406854E+01 0.571654E+01 0.537035E+01
 0.515653E+01 0.441327E+01 0.539698E+01 0.441807E+01 0.635521E+01 0.413797E+01
 0.609159E+01 0.503631E+01 0.571822E+01 0.463007E+01 0.502285E+01 0.471030E+01
 0.451600E+01 0.486713E+01 0.520263E+01 0.442848E+01 0.481775E+01 0.541877E+01
 0.571242E+01 0.400472E+01 0.429587E+01 0.473599E+01 0.338696E+01 0.588113E+01
 0.546609E+01 0.452197E+01 0.482634E+01 0.460383E+01 0.499539E+01 0.471795E+01
 0.590832E+01 0.410008E+01 0.432760E+01 0.382182E+01 0.439746E+01 0.436293E+01
 0.440168E+01 0.425847E+01 0.453723E+01 0.492092E+01 0.485842E+01 0.547190E+01
 0.559239E+01 0.608603E+01 0.515003E+01 0.573908E+01 0.493483E+01 0.513904E+01
 0.565298E+01 0.589740E+01 0.484619E+01 0.607745E+01 0.380954E+01 0.617806E+01
 0.420438E+01 0.502477E+01 0.542201E+01 0.452796E+01 0.494161E+01 0.518777E+01
 0.453321E+01 0.626032E+01 0.408622E+01 0.461827E+01 0.526620E+01 0.582799E+01
 0.438373E+01 0.632482E+01 0.521410E+01 0.434486E+01 0.514416E+01 0.523027E+01
 0.455969E+01 0.414430E+01 0.491900E+01 0.438273E+01 0.499040E+01 0.459383E+01
 0.495124E+01 0.542545E+01 0.480371E+01 0.435749E+01 0.539711E+01 0.534378E+01
 0.646459E+01 0.580137E+01 0.499159E+01 0.380383E+01 0.502365E+01 0.484907E+01
 0.481033E+01 0.445762E+01 0.493263E+01 0.395091E+01 0.413179E+01 0.456566E+01
 0.387537E+01 0.513715E+01 0.536623E+01 0.481021E+01 0.448784E+01 0.486636E+01
 0.704345E+01 0.447167E+01 0.491802E+01 0.511024E+01 0.459600E+01 0.588615E+01
 0.532647E+01 0.516885E+01 0.436423E+01 0.481562E+01 0.481053E+01 0.466380E+01
 0.438307E+01 0.547665E+01 0.463318E+01 0.555604E+01 0.478204E+01 0.467500E+01
 0.436912E+01 0.397443E+01 0.512037E+01 0.601686E+01 0.446643E+01 0.458492E+01
 0.340021E+01 0.511311E+01 0.460976E+01 0.507997E+01 0.605814E+01 0.486144E+01
 0.440398E+01 0.490560E+01 0.553989E+01 0.471399E+01 0.397152E+01 0.371800E+01
 0.523075E+01 0.416990E+01 0.518937E+01 0.571178E+01 0.526112E+01 0.534256E+01
 0.437325E+01 0.661029E+01 0.433301E+01 0.515628E+01 0.481699E+01 0.393501E+01
 0.610055E+01 0.545861E+01 0.462325E+01 0.580306E+01 0.494669E+01 0.345321E+01
 0.513746E+01 0.434338E+01 0.444938E+01 0.461274E+01 0.659363E+01 0.464844E+01
 0.527532E+01 0.488143E+01 0.571255E+01 0.397344E+01 0.582872E+01 0.497984E+01
 0.673916E+01 0.412659E+01 0.427409E+01 0.519715E+01 0.480852E+01 0.611878E+01
 0.437031E+01 0.363742E+01 0.514915E+01 0.519634E+01 0.445896E+01 0.465434E+01
 0.486586E+01 0.473899E+01 0.399629E+01 0.524952E+01 0.527050E+01 0.500769E+01
 0.504161E+01 0.515871E+01 0.486792E+01 0.488597E+01 0.492574E+01 0.536751E+01
 0.489721E+01 0.488315E+01 0.446702E+01 0.416580E+01 0.463153E+01 0.449287E+01
 0.484805E+01 0.527195E+01 0.529122E+01 0.461882E+01 0.490229E+01 0.549652E+01
 0.429287E+01 0.387900E+01 0.395284E+01 0.423149E+01 0.465315E+01 0.449726E+01
 0.462374E+01 0.430457E+01 0.496221E+01 0.553575E+01 0.539021E+01 0.456804E+01
 0.494451E+01 0.516228E+01 0.450598E+01 0.407994E+01 0.444684E+01 0.469051E+01
 0.523663E+01 0.421117E+01 0.517404E+01 0.509654E+01 0.550978E+01 0.489256E+01
 0.452517E+01 0.525503E+01 0.552593E+01 0.521721E+01 0.524495E+01 0.383733E+01
 0.442917E+01 0.489339E+01 0.489414E+01 0.542268E+01 0.507061E+01 0.484445E+01
 0.532213E+01 0.471920E+01 0.454205E+01 0.550987E+01 0.409633E+01 0.460451E+01
 0.459003E+01 0.534934E+01 0.490745E+01 0.498291E+01 0.499107E+01 0.526139E+01
 0.594355E+01 0.500725E+01 0.460431E+01 0.420055E+01 0.532889E+01 0.530840E+01
 0.496120E+01 0.475721E+01 0.451482E+01 0.522074E+01 0.440887E+01 0.560455E+01
 0.457020E+01 0.562762E+01 0.560521E+01 0.494688E+01 0.572241E+01 0.425365E+01
 0.523929E+01 0.453566E+01 0.468842E+01 0.496589E+01 0.460023E+01 0.475681E+01
 0.450547E+01 0.620951E+01 0.403923E+01 0.461023E+01 0.505261E+01 0.461274E+01
 0.591430E+01 0.562829E+01 0.508940E+01 0.398815E+01 0.418396E+01 0.416435E+01
 0.484913E+01 0.441510E+01 0.417754E+01 0.483222E+01 0.542961E+01 0.469902E+01
 0.522524E+01 0.490456E+01 0.583268E+01 0.462210E+01 0.545293E+01 0.516425E+01
 0.641732E+01 0.406158E+01 0.482466E+01 0.572094E+01 0.482037E+01 0.486913E+01
 0.456398E+01 0.471786E+01 0.430762E+01 0.606842E+01 0.460585E+01 0.524802E+01
 0.413826E+01 0.488505E+01 0.435811E+01 0.527145E+01 0.443417E+01 0.429266E+01
 0.469019E+01 0.535151E+01 0.631720E+01 0.413349E+01 0.473022E+01 0.527343E+01
 0.521260E+01 0.496814E+01 0.456937E+01 0.474617E+01 0.559116E+01 0.668780E+01
 0.494019E+01 0.487420E+01 0.427085E+01 0.414535E+01 0.549232E+01 0.475618E+01
 0.490035E+01 0.375332E+01 0.467655E+01 0.413000E+01 0.694067E+01 0.429754E+01
 0.559925E+01 0.387283E+01 0.555591E+01 0.482528E+01 0.563706E+01 0.497211E+01
 0.450536E+01 0.455742E+01 0.604731E+01 0.497395E+01 0.537535E+01 0.447670E+01
 0.413793E+01 0.550764E+01 0.448670E+01 0.469322E+01 0.477607E+01 0.416800E+01
 0.373006E+01 0.573483E+01 0.468404E+01 0.440397E+01 0.353614E+01 0.455615E+01
 0.465630E+01 0.462318E+01 0.493975E+01 0.440502E+01 0.498438E+01 0.407916E+01
 0.440798E+01 0.621497E+01 0.423986E+01 0.583094E+01 0.375846E+01 0.477607E+01
 0.486053E+01 0.431875E+01 0.543323E+01 0.390736E+01 0.545617E+01 0.449391E+01
 0.506932E+01 0.606231E+01 0.465659E+01 0.482915E+01 0.484970E+01 0.513984E+01
 0.400294E+01 0.524186E+01 0.411313E+01 0.452649E+01 0.460633E+01 0.500577E+01
 0.389162E+01 0.549528E+01 0.583660E+01 0.419105E+01 0.440126E+01 0.446820E+01
 0.410180E+01 0.385501E+01 0.584347E+01 0.403268E+01 0.463403E+01 0.515723E+01
 0.386209E+01 0.534460E+01 0.471929E+01 0.583352E+01 0.519641E+01 0.383473E+01
 0.555010E+01 0.486395E+01 0.571994E+01 0.502012E+01 0.546976E+01 0.442217E+01
 0.516164E+01 0.441811E+01 0.481061E+01 0.367933E+01 0.422546E+01 0.595778E+01
 0.444400E+01 0.491127E+01 0.430192E+01 0.508186E+01 0.453553E+01 0.416248E+01
 0.516018E+01 0.507901E+01 0.606098E+01 0.499154E+01 0.527940E+01 0.422940E+01
 0.543155E+01 0.484804E+01 0.541879E+01 0.630010E+01 0.657819E+01 0.501555E+01
 0.564715E+01 0.438070E+01 0.490445E+01 0.488297E+01 0.457913E+01 0.578964E+01
 0.532346E+01 0.488246E+01 0.457493E+01 0.502571E+01 0.512087E+01 0.492217E+01
 0.599532E+01 0.486914E+01 0.554586E+01 0.471913E+01 0.433151E+01 0.502201E+01
 0.367964E+01 0.463507E+01 0.458236E+01 0.459507E+01 0.446166E+01 0.407911E+01
 0.480058E+01 0.579910E+01 0.516524E+01 0.551553E+01 0.487295E+01 0.500799E+01
 0.544099E+01 0.501351E+01 0.514214E+01 0.451698E+01 0.601115E+01 0.537061E+01
 0.388470E+01 0.430296E+01 0.432049E+01 0.465163E+01 0.477332E+01 0.487008E+01
 0.491566E+01 0.416030E+01 0.499420E+01 0.512598E+01 0.431800E+01 0.589621E+01
 0.534160E+01 0.383677E+01 0.558077E+01 0.446262E+01 0.523315E+01 0.646869E+01
 0.459006E+01 0.425874E+01 0.517179E+01 0.454050E+01 0.490685E+01 0.365457E+01
 0.489141E+01 0.508847E+01 0.522386E+01 0.496613E+01 0.610531E+01 0.507467E+01
 0.501131E+01 0.472020E+01 0.566943E+01 0.511189E+01 0.550180E+01 0.388375E+01
 0.442978E+01 0.446774E+01 0.481090E+01 0.541168E+01 0.555400E+01 0.562752E+01
 0.441605E+01 0.492827E+01 0.429289E+01 0.534282E+01 0.401856E+01 0.515730E+01
 0.637300E+01 0.489787E+01 0.443121E+01 0.498631E+01 0.421097E+01 0.429351E+01
 0.463277E+01 0.451588E+01 0.442521E+01 0.470124E+01 0.420076E+01 0.550469E+01
 0.572391E+01 0.364701E+01 0.527421E+01 0.542791E+01 0.476466E+01 0.462109E+01
 0.526352E+01 0.426048E+01 0.589233E+01 0.437890E+01 0.440483E+01 0.420926E+01
 0.574825E+01 0.543609E+01 0.463190E+01 0.525334E+01 0.600588E+01 0.540010E+01
 0.482457E+01 0.487646E+01 0.498057E+01 0.495021E+01 0.429486E+01 0.456054E+01
 0.488347E+01 0.436600E+01 0.431384E+01 0.461362E+01 0.516216E+01 0.415822E+01
 0.400711E+01 0.377567E+01 0.491369E+01 0.500615E+01 0.397705E+01 0.554728E+01
 0.564236E+01 0.481905E+01 0.448766E+01 0.452632E+01 0.483316E+01 0.454597E+01
 0.458245E+01 0.508693E+01 0.527241E+01 0.435212E+01 0.454618E+01 0.521923E+01
 0.437809E+01 0.482253E+01 0.348307E+01 0.508382E+01 0.387836E+01 0.543244E+01
 0.465652E+01 0.366845E+01 0.456094E+01 0.376474E+01 0.545921E+01 0.519866E+01
 0.481657E+01 0.446607E+01 0.409552E+01 0.426665E+01 0.556290E+01 0.605120E+01
 0.496544E+01 0.482300E+01 0.549954E+01 0.410896E+01 0.412786E+01 0.467496E+01
 0.554245E+01 0.545002E+01 0.565944E+01 0.508153E+01 0.513501E+01 0.492268E+01
 0.547173E+01 0.564572E+01 0.511437E+01 0.514891E+01 0.367338E+01 0.516017E+01
 0.508446E+01 0.483674E+01 0.506984E+01 0.396465E+01 0.586322E+01 0.503953E+01
 0.385566E+01 0.511080E+01 0.427026E+01 0.635135E+01 0.422956E+01 0.411809E+01
 0.424669E+01 0.366036E+01 0.352389E+01 0.580450E+01 0.547079E+01 0.563315E+01
 0.566159E+01 0.463191E+01 0.568925E+01 0.488880E+01 0.510575E+01 0.517801E+01
 0.455437E+01 0.429267E+01 0.504230E+01 0.502047E+01 0.367236E+01 0.459783E+01
 0.608019E+01 0.570212E+01 0.388871E+01 0.508251E+01 0.470985E+01 0.508602E+01
 0.565069E+01 0.345860E+01 0.517020E+01 0.492635E+01 0.388972E+01 0.520879E+01
 0.488137E+01 0.598313E+01 0.569200E+01 0.504653E+01 0.464489E+01 0.385615E+01
 0.405282E+01 0.524510E+01 0.422009E+01 0.414082E+01 0.515246E+01 0.453571E+01
 0.563839E+01 0.465440E+01 0.496570E+01 0.392567E+01 0.445441E+01 0.454854E+01
 0.443663E+01 0.488620E+01 0.438021E+01 0.448050E+01 0.575810E+01 0.539702E+01
 0.578745E+01 0.677710E+01 0.468608E+01 0.510250E+01 0.515763E+01 0.381970E+01
 0.522750E+01 0.571230E+01 0.443431E+01 0.440999E+01 0.450127E+01 0.441784E+01
 0.552823E+01 0.542471E+01 0.515945E+01 0.556048E+01 0.447382E+01 0.534041E+01
 0.427655E+01 0.481848E+01 0.530092E+01 0.632546E+01 0.423239E+01 0.502259E+01
 0.493338E+01 0.517924E+01 0.511649E+01 0.486230E+01 0.504064E+01 0.533514E+01
 0.473531E+01 0.437357E+01 0.457322E+01 0.396644E+01 0.474186E+01 0.419698E+01
 0.540725E+01 0.500508E+01 0.422951E+01 0.465495E+01 0.448644E+01 0.420284E+01
 0.492552E+01 0.545880E+01 0.480378E+01 0.617907E+01 0.434008E+01 0.414584E+01
 0.546140E+01 0.449960E+01 0.502207E+01 0.503581E+01 0.412056E+01 0.399407E+01
 0.588097E+01 0.409902E+01 0.460543E+01 0.467148E+01 0.600543E+01 0.473948E+01
 0.554062E+01 0.416748E+01 0.547595E+01 0.526360E+01 0.514633E+01 0.437116E+01
 0.403419E+01 0.550933E+01 0.545469E+01 0.504619E+01 0.504128E+01 0.571226E+01
 0.441774E+01 0.484420E+01 0.437145E+01 0.501789E+01 0.439261E+01 0.455920E+01
 0.396372E+01 0.484843E+01 0.411267E+01 0.469188E+01 0.568324E+01 0.522244E+01
 0.418768E+01 0.578639E+01 0.524452E+01 0.550258E+01 0.473617E+01 0.353193E+01
 0.405326E+01 0.371471E+01 0.419470E+01 0.480902E+01 0.383589E+01 0.321599E+01
 0.418828E+01 0.473056E+01 0.495365E+01 0.437086E+01 0.520735E+01 0.581973E+01
 0.412694E+01 0.445763E+01 0.336719E+01 0.463583E+01 0.372003E+01 0.594521E+01
 0.579555E+01 0.444206E+01 0.501519E+01 0.456089E+01 0.466785E+01 0.501119E+01
 0.582279E+01 0.412536E+01 0.620137E+01 0.428577E+01 0.461241E+01 0.555915E+01
 0.493159E+01 0.339960E+01 0.440415E+01 0.465997E+01 0.490028E+01 0.338298E+01
 0.480671E+01 0.492941E+01 0.490083E+01 0.471812E+01 0.591038E+01 0.468469E+01
 0.515749E+01 0.347370E+01 0.458805E+01 0.515316E+01 0.463869E+01 0.518830E+01
 0.359584E+01 0.506716E+01 0.442196E+01 0.443232E+01 0.506173E+01 0.552626E+01
 0.458374E+01 0.628554E+01 0.503663E+01 0.521658E+01 0.507165E+01 0.465379E+01
 0.565220E+01 0.491927E+01 0.577794E+01 0.438366E+01 0.457039E+01 0.521894E+01
 0.524987E+01 0.695233E+01 0.500169E+01 0.512652E+01 0.499248E+01 0.465630E+01
 0.544383E+01 0.388941E+01 0.437771E+01 0.482698E+01 0.451556E+01 0.483433E+01
 0.652262E+01 0.430082E+01 0.448433E+01 0.448142E+01 0.474829E+01 0.461576E+01
 0.442451E+01 0.527170E+01 0.529744E+01 0.540128E+01 0.453262E+01 0.382309E+01
 0.467254E+01 0.383180E+01 0.562437E+01 0.461568E+01 0.607542E+01 0.541811E+01
 0.470259E+01 0.515822E+01 0.428289E+01 0.480071E+01 0.532715E+01 0.496090E+01
 0.518664E+01 0.435051E+01 0.521254E+01 0.524234E+01 0.465951E+01 0.393423E+01
 0.305662E+01 0.520544E+01 0.474195E+01 0.575191E+01 0.560767E+01 0.562239E+01
 0.584972E+01 0.440639E+01 0.430312E+01 0.468718E+01 0.443193E+01 0.583834E+01
 0.591584E+01 0.561158E+01 0.415241E+01 0.345889E+01 0.567555E+01 0.435050E+01
 0.476180E+01 0.531251E+01 0.443933E+01 0.469774E+01 0.446284E+01 0.492595E+01
 0.530683E+01 0.473929E+01 0.522629E+01 0.446268E+01 0.585268E+01 0.384797E+01
 0.614327E+01 0.426661E+01 0.410925E+01 0.517492E+01 0.553870E+01 0.563195E+01
 0.536655E+01 0.536834E+01 0.387265E+01 0.482806E+01 0.411643E+01 0.452547E+01
 0.512192E+01 0.387220E+01 0.602803E+01 0.524924E+01 0.441954E+01 0.494367E+01
 0.430789E+01 0.428754E+01 0.491011E+01 0.465725E+01 0.452280E+01 0.437986E+01
 0.559034E+01 0.447894E+01 0.484171E+01 0.460423E+01 0.481666E+01 0.473494E+01
 0.482372E+01 0.446479E+01 0.416446E+01 0.571047E+01 0.549617E+01 0.404730E+01
 0.526460E+01 0.521783E+01 0.533373E+01 0.502805E+01 0.420539E+01 0.493563E+01
 0.416142E+01 0.511778E+01 0.423296E+01 0.426632E+01 0.464293E+01 0.542864E+01
 0.572739E+01 0.517339E+01 0.589233E+01 0.403503E+01 0.628277E+01 0.493260E+01
 0.455879E+01 0.580752E+01 0.566511E+01 0.462976E+01 0.545679E+01 0.464073E+01
 0.457551E+01 0.488349E+01 0.415686E+01 0.423309E+01 0.431686E+01 0.416005E+01
 0.482560E+01 0.394899E+01 0.508136E+01 0.479940E+01 0.488610E+01 0.405328E+01
 0.477627E+01 0.507572E+01 0.545431E+01 0.442191E+01 0.512849E+01 0.453147E+01
 0.442637E+01 0.542807E+01 0.447716E+01 0.510970E+01 0.426421E+01 0.435821E+01
 0.458929E+01 0.499733E+01 0.520652E+01 0.493758E+01 0.473615E+01 0.407450E+01
 0.540685E+01 0.526046E+01 0.411877E+01 0.480027E+01 0.496594E+01 0.469727E+01
 0.338822E+01 0.470249E+01 0.513851E+01 0.399692E+01 0.526028E+01 0.500015E+01
 0.471013E+01 0.612098E+01 0.514812E+01 0.431946E+01 0.545377E+01 0.459680E+01
 0.451781E+01 0.469259E+01 0.588165E+01 0.554426E+01 0.416313E+01 0.456552E+01
 0.475854E+01 0.585341E+01 0.529108E+01 0.539765E+01 0.468255E+01 0.462870E+01
 0.388727E+01 0.435939E+01 0.550927E+01 0.659575E+01 0.486294E+01 0.541494E+01
 0.428734E+01 0.550338E+01 0.544670E+01 0.537338E+01 0.366421E+01 0.504689E+01
 0.396399E+01 0.531675E+01 0.462018E+01 0.478709E+01 0.538873E+01 0.536520E+01
 0.528393E+01 0.520688E+01 0.569654E+01 0.520999E+01 0.510860E+01 0.496113E+01
 0.594894E+01 0.464302E+01 0.488462E+01 0.534695E+01 0.499298E+01 0.480486E+01
 0.459755E+01 0.495096E+01 0.449899E+01 0.583429E+01 0.540727E+01 0.401601E+01
 0.563084E+01 0.401310E+01 0.631473E+01 0.441837E+01 0.464374E+01 0.468759E+01
 0.581404E+01 0.417677E+01 0.522389E+01 0.416829E+01 0.538662E+01 0.518350E+01
 0.557167E+01 0.462689E+01 0.400592E+01 0.555309E+01 0.417895E+01 0.489106E+01
 0.507378E+01 0.408723E+01 0.456987E+01 0.476474E+01 0.553269E+01 0.417597E+01
 0.498167E+01 0.452117E+01 0.392169E+01 0.467073E+01 0.529761E+01 0.512246E+01
 0.437280E+01 0.474730E+01 0.543026E+01 0.480470E+01 0.417493E+01 0.370911E+01
 0.493646E+01 0.534281E+01 0.453719E+01 0.465533E+01 0.648963E+01 0.467524E+01
 0.523207E+01 0.502198E+01 0.496385E+01 0.580746E+01 0.508715E+01 0.488243E+01
 0.459331E+01 0.599354E+01 0.606211E+01 0.460268E+01 0.459675E+01 0.464624E+01
 0.419046E+01 0.459471E+01 0.498917E+01 0.535263E+01 0.436550E+01 0.483393E+01
 0.543120E+01 0.517873E+01 0.462303E+01 0.435265E+01 0.593422E+01 0.497528E+01
 0.534681E+01 0.522837E+01 0.449428E+01 0.508308E+01 0.547570E+01 0.491277E+01
 0.631216E+01 0.490731E+01 0.531303E+01 0.426363E+01 0.538787E+01 0.477732E+01
 0.359285E+01 0.414844E+01 0.592705E+01 0.547863E+01 0.580680E+01 0.524863E+01
 0.432259E+01 0.555513E+01 0.576569E+01 0.583247E+01 0.480380E+01 0.483028E+01
 0.564964E+01 0.473945E+01 0.492693E+01 0.624696E+01 0.581479E+01 0.509256E+01
 0.482068E+01 0.392993E+01 0.517603E+01 0.528315E+01 0.501206E+01 0.588390E+01
 0.465672E+01 0.480583E+01 0.439567E+01 0.495913E+01 0.407870E+01 0.429660E+01
 0.541354E+01 0.535441E+01 0.444598E+01 0.545035E+01 0.508890E+01 0.506110E+01
 0.517903E+01 0.574161E+01 0.536570E+01 0.553454E+01 0.535653E+01 0.478030E+01
 0.444816E+01 0.340762E+01 0.589950E+01 0.439982E+01 0.483348E+01 0.491709E+01
 0.550296E+01 0.470005E+01 0.491176E+01 0.596008E+01 0.446880E+01 0.405514E+01
 0.457743E+01 0.509148E+01 0.539511E+01 0.539096E+01 0.506983E+01 0.479359E+01
 0.459295E+01 0.548897E+01 0.446050E+01 0.510976E+01 0.498386E+01 0.396640E+01
 0.530794E+01 0.440760E+01 0.400369E+01 0.487519E+01 0.454895E+01 0.467232E+01
 0.499081E+01 0.496546E+01 0.552205E+01 0.524457E+01 0.502826E+01 0.556741E+01
 0.440816E+01 0.528151E+01 0.515384E+01 0.486414E+01 0.478680E+01 0.479734E+01
 0.538756E+01 0.567177E+01 0.528577E+01 0.468092E+01 0.497714E+01 0.458118E+01
 0.410001E+01 0.531549E+01 0.529988E+01 0.455856E+01 0.553150E+01 0.486467E+01
 0.579373E+01 0.433333E+01 0.486835E+01 0.535842E+01 0.465346E+01 0.542957E+01
 0.587858E+01 0.496335E+01 0.419022E+01 0.410585E+01 0.524961E+01 0.552784E+01
 0.494436E+01 0.559063E+01 0.606687E+01 0.473729E+01 0.414043E+01 0.527908E+01
 0.381046E+01 0.537438E+01 0.508219E+01 0.462516E+01 0.593821E+01 0.536661E+01
 0.433607E+01 0.547236E+01 0.571525E+01 0.403730E+01 0.471005E+01 0.536106E+01
 0.500242E+01 0.489645E+01 0.430084E+01 0.465481E+01 0.571572E+01 0.439398E+01
 0.452351E+01 0.475182E+01 0.470722E+01 0.452745E+01 0.535196E+01 0.526292E+01
 0.399153E+01 0.533213E+01 0.431001E+01 0.578912E+01 0.372945E+01 0.530662E+01
 0.520944E+01 0.476031E+01 0.494072E+01 0.457980E+01 0.470418E+01 0.509485E+01
 0.436540E+01 0.511832E+01 0.411229E+01 0.526585E+01 0.436978E+01 0.483046E+01
 0.523394E+01 0.507717E+01 0.539206E+01 0.435299E+01 0.463320E+01 0.491356E+01
 0.538338E+01 0.412864E+01 0.531767E+01 0.507766E+01 0.566494E+01 0.596675E+01
 0.482934E+01 0.473946E+01 0.562759E+01 0.610523E+01 0.469502E+01 0.509104E+01
 0.532337E+01 0.403285E+01 0.435826E+01 0.430316E+01 0.501964E+01 0.447220E+01
 0.510272E+01 0.476062E+01 0.491845E+01 0.579454E+01 0.450968E+01 0.431869E+01
 0.523516E+01 0.496576E+01 0.421228E+01 0.503442E+01 0.424813E+01 0.358872E+01
 0.166291E+02 0.195947E+02 0.203705E+02 0.153369E+02 0.168064E+02 0.180373E+02
 0.154786E+02 0.175155E+02 0.157500E+02 0.139323E+02 0.194428E+02 0.147231E+02
 0.148060E+02 0.144219E+02 0.171904E+02 0.203521E+02 0.216409E+02 0.166948E+02
 0.169251E+02 0.209337E+02 0.205857E+02 0.174931E+02 0.176905E+02 0.198743E+02
 0.183035E+02 0.198084E+02 0.153607E+02 0.179900E+02 0.191093E+02 0.186674E+02
 0.183282E+02 0.186600E+02 0.146801E+02 0.136847E+02 0.157257E+02 0.184998E+02
 0.163543E+02 0.205091E+02 0.149992E+02 0.183701E+02 0.179917E+02 0.200034E+02
 0.165521E+02 0.164171E+02 0.188803E+02 0.131893E+02 0.172862E+02 0.150249E+02
 0.174196E+02 0.159112E+02 0.165388E+02 0.152681E+02 0.135913E+02 0.151226E+02
 0.146749E+02 0.198766E+02 0.169534E+02 0.200363E+02 0.188365E+02 0.158765E+02
 0.164918E+02 0.177005E+02 0.173286E+02 0.186973E+02 0.183748E+02 0.148509E+02
 0.143629E+02 0.190743E+02 0.184975E+02 0.201621E+02 0.184653E+02 0.191008E+02
 0.163775E+02 0.149853E+02 0.138712E+02 0.158359E+02 0.179862E+02 0.161449E+02
 0.178900E+02 0.180148E+02 0.180681E+02 0.187870E+02 0.132166E+02 0.232352E+02
 0.173427E+02 0.159524E+02 0.188688E+02 0.197212E+02 0.152622E+02 0.167670E+02
 0.174957E+02 0.190819E+02 0.214167E+02 0.158451E+02 0.161810E+02 0.182426E+02
 0.196792E+02 0.160621E+02 0.186629E+02 0.163143E+02 0.181603E+02 0.128860E+02
 0.199036E+02 0.206343E+02 0.168770E+02 0.162302E+02 0.164476E+02 0.134404E+02
 0.203787E+02 0.185186E+02 0.168919E+02 0.235329E+02 0.176219E+02 0.208449E+02
 0.141097E+02 0.203110E+02 0.188366E+02 0.174671E+02 0.199094E+02 0.163815E+02
 0.163813E+02 0.208472E+02 0.140995E+02 0.147131E+02 0.169720E+02 0.195154E+02
 0.156407E+02 0.168812E+02 0.175768E+02 0.156490E+02 0.183055E+02 0.138301E+02
 0.135342E+02 0.164725E+02 0.162359E+02 0.163872E+02 0.169055E+02 0.190031E+02
 0.198413E+02 0.225681E+02 0.171357E+02 0.184424E+02 0.158569E+02 0.189437E+02
 0.151856E+02 0.197628E+02 0.189570E+02 0.190794E+02 0.209699E+02 0.162427E+02
 0.205217E+02 0.181870E+02 0.178721E+02 0.204835E+02 0.139411E+02 0.136900E+02
 0.174230E+02 0.188522E+02 0.167908E+02 0.199146E+02 0.183205E+02 0.184859E+02
 0.150334E+02 0.133562E+02 0.170140E+02 0.142979E+02 0.147533E+02 0.174534E+02
 0.218471E+02 0.209334E+02 0.198873E+02 0.190687E+02 0.166030E+02 0.177737E+02
 0.178139E+02 0.187544E+02 0.172426E+02 0.205793E+02 0.138550E+02 0.133523E+02
 0.183454E+02 0.158676E+02 0.148431E+02 0.188210E+02 0.173575E+02 0.178132E+02
 0.154807E+02 0.164546E+02 0.173672E+02 0.162661E+02 0.206405E+02 0.126764E+02
 0.164969E+02 0.184739E+02 0.191623E+02 0.136321E+02 0.139913E+02 0.260804E+02
 0.189310E+02 0.205872E+02 0.152847E+02 0.180664E+02 0.176195E+02 0.191195E+02
 0.206983E+02 0.151698E+02 0.145928E+02 0.161437E+02 0.202000E+02 0.156701E+02
 0.175006E+02 0.140805E+02 0.159458E+02 0.200105E+02 0.177647E+02 0.146619E+02
 0.188595E+02 0.202936E+02 0.170664E+02 0.227849E+02 0.182465E+02 0.174697E+02
 0.170164E+02 0.167654E+02 0.165688E+02 0.240263E+02 0.145554E+02 0.162870E+02
 0.223430E+02 0.156721E+02 0.122355E+02 0.125986E+02 0.132673E+02 0.143049E+02
 0.174804E+02 0.194421E+02 0.139064E+02 0.184279E+02 0.179933E+02 0.196257E+02
 0.210072E+02 0.163285E+02 0.173152E+02 0.156431E+02 0.175717E+02 0.239997E+02
 0.168294E+02 0.164573E+02 0.201387E+02 0.199536E+02 0.177153E+02 0.162214E+02
 0.161294E+02 0.195505E+02 0.140124E+02 0.216340E+02 0.185029E+02 0.218403E+02
 0.170778E+02 0.183399E+02 0.198829E+02 0.205237E+02 0.177020E+02 0.149322E+02
 0.139629E+02 0.177513E+02 0.193958E+02 0.147365E+02 0.154197E+02 0.143991E+02
 0.186171E+02 0.232015E+02 0.168009E+02 0.181777E+02 0.177823E+02 0.162846E+02
 0.185549E+02 0.163367E+02 0.180835E+02 0.193131E+02 0.156532E+02 0.142541E+02
 0.173641E+02 0.197580E+02 0.203332E+02 0.148640E+02 0.127945E+02 0.172793E+02
 0.210286E+02 0.134832E+02 0.154055E+02 0.141681E+02 0.191996E+02 0.169098E+02
 0.208441E+02 0.193544E+02 0.126640E+02 0.181612E+02 0.180598E+02 0.152028E+02
 0.156396E+02 0.141056E+02 0.192653E+02 0.201174E+02 0.197271E+02 0.163886E+02
 0.139460E+02 0.186993E+02 0.191563E+02 0.196580E+02 0.189545E+02 0.215995E+02
 0.194062E+02 0.146733E+02 0.191172E+02 0.192942E+02 0.160333E+02 0.158358E+02
 0.149441E+02 0.159320E+02 0.202566E+02 0.148476E+02 0.140841E+02 0.154824E+02
 0.187786E+02 0.187528E+02 0.173637E+02 0.166773E+02 0.184721E+02 0.161357E+02
 0.192446E+02 0.173555E+02 0.178673E+02 0.184555E+02 0.164459E+02 0.190536E+02
 0.186243E+02 0.189872E+02 0.188077E+02 0.165720E+02 0.192277E+02 0.201779E+02
 0.204765E+02 0.196854E+02 0.206114E+02 0.177768E+02 0.199724E+02 0.139407E+02
 0.172993E+02 0.177861E+02 0.148777E+02 0.166546E+02 0.187222E+02 0.147101E+02
 0.106154E+02 0.256550E+02 0.185429E+02 0.178641E+02 0.157727E+02 0.123915E+02
 0.177740E+02 0.198053E+02 0.144221E+02 0.115077E+02 0.170519E+02 0.122122E+02
 0.159004E+02 0.172063E+02 0.171298E+02 0.156021E+02 0.144030E+02 0.172413E+02
 0.178753E+02 0.173382E+02 0.160177E+02 0.166673E+02 0.169353E+02 0.191142E+02
 0.171325E+02 0.172686E+02 0.218218E+02 0.177033E+02 0.161975E+02 0.173273E+02
 0.155065E+02 0.176908E+02 0.193145E+02 0.178072E+02 0.158247E+02 0.149844E+02
 0.189692E+02 0.186247E+02 0.152258E+02 0.213133E+02 0.136852E+02 0.145287E+02
 0.138952E+02 0.156572E+02 0.191170E+02 0.156704E+02 0.138380E+02 0.146690E+02
 0.179222E+02 0.171978E+02 0.164916E+02 0.214796E+02 0.141941E+02 0.155636E+02
 0.177285E+02 0.171788E+02 0.166645E+02 0.182359E+02 0.158106E+02 0.216491E+02
 0.172637E+02 0.187409E+02 0.148628E+02 0.170265E+02 0.155203E+02 0.165369E+02
 0.188365E+02 0.156192E+02 0.149714E+02 0.153199E+02 0.158051E+02 0.157242E+02
 0.214279E+02 0.182044E+02 0.187472E+02 0.204024E+02 0.222083E+02 0.212869E+02
 0.166972E+02 0.179493E+02 0.179014E+02 0.181612E+02 0.217101E+02 0.191580E+02
 0.163490E+02 0.198872E+02 0.194680E+02 0.185203E+02 0.157407E+02 0.175483E+02
 0.187855E+02 0.192058E+02 0.168000E+02 0.199411E+02 0.192140E+02 0.144031E+02
 0.190680E+02 0.130510E+02 0.177261E+02 0.193260E+02 0.200800E+02 0.202637E+02
 0.151269E+02 0.171155E+02 0.168916E+02 0.181610E+02 0.183856E+02 0.188327E+02
 0.173019E+02 0.184045E+02 0.186634E+02 0.177255E+02 0.183117E+02 0.151309E+02
 0.183493E+02 0.187563E+02 0.213779E+02 0.170067E+02 0.166061E+02 0.192313E+02
 0.194417E+02 0.156795E+02 0.150345E+02 0.184580E+02 0.158640E+02 0.183090E+02
 0.154176E+02 0.161389E+02 0.146022E+02 0.181893E+02 0.168038E+02 0.177201E+02
 0.203287E+02 0.213503E+02 0.168290E+02 0.188030E+02 0.154822E+02 0.180290E+02
 0.216371E+02 0.234543E+02 0.179991E+02 0.180823E+02 0.139818E+02 0.146768E+02
 0.205504E+02 0.209725E+02 0.175630E+02 0.187156E+02 0.188254E+02 0.184243E+02
 0.148610E+02 0.201122E+02 0.154451E+02 0.162158E+02 0.181623E+02 0.166242E+02
 0.158291E+02 0.187444E+02 0.138464E+02 0.198828E+02 0.151679E+02 0.190206E+02
 0.143203E+02 0.189878E+02 0.188769E+02 0.162742E+02 0.179008E+02 0.138839E+02
 0.185378E+02 0.192624E+02 0.218704E+02 0.167333E+02 0.134564E+02 0.178136E+02
 0.147581E+02 0.194695E+02 0.207476E+02 0.171182E+02 0.207355E+02 0.201574E+02
 0.168103E+02 0.158267E+02 0.142307E+02 0.170099E+02 0.161376E+02 0.173612E+02
 0.198872E+02 0.170403E+02 0.141682E+02 0.126386E+02 0.198294E+02 0.151567E+02
 0.199674E+02 0.167713E+02 0.162231E+02 0.199787E+02 0.158819E+02 0.177029E+02
 0.132098E+02 0.232573E+02 0.129020E+02 0.138413E+02 0.139859E+02 0.158652E+02
 0.157504E+02 0.202075E+02 0.173402E+02 0.211915E+02 0.219383E+02 0.178247E+02
 0.172790E+02 0.150698E+02 0.150426E+02 0.206855E+02 0.164399E+02 0.162567E+02
 0.171784E+02 0.174687E+02 0.206977E+02 0.158386E+02 0.174226E+02 0.169165E+02
 0.178973E+02 0.182143E+02 0.190551E+02 0.157482E+02 0.162497E+02 0.158639E+02
 0.185365E+02 0.164289E+02 0.192374E+02 0.167453E+02 0.205704E+02 0.191978E+02
 0.174748E+02 0.145450E+02 0.152641E+02 0.149176E+02 0.183976E+02 0.154351E+02
 0.173257E+02 0.185285E+02 0.163164E+02 0.188733E+02 0.164727E+02 0.144439E+02
 0.197139E+02 0.160419E+02 0.164410E+02 0.185160E+02 0.169925E+02 0.155729E+02
 0.177359E+02 0.177488E+02 0.214509E+02 0.137448E+02 0.200044E+02 0.179237E+02
 0.219189E+02 0.209272E+02 0.177380E+02 0.179429E+02 0.154388E+02 0.114180E+02
 0.175563E+02 0.184043E+02 0.186017E+02 0.178175E+02 0.140999E+02 0.155607E+02
 0.119138E+02 0.260793E+02 0.168399E+02 0.218935E+02 0.155257E+02 0.168242E+02
 0.194548E+02 0.192270E+02 0.200303E+02 0.202268E+02 0.153896E+02 0.135266E+02
 0.143382E+02 0.208184E+02 0.167990E+02 0.166096E+02 0.177747E+02 0.130397E+02
 0.183808E+02 0.161832E+02 0.158826E+02 0.145573E+02 0.166985E+02 0.177462E+02
 0.206245E+02 0.158850E+02 0.143789E+02 0.211410E+02 0.171632E+02 0.151472E+02
 0.165670E+02 0.209797E+02 0.193151E+02 0.168933E+02 0.205452E+02 0.149520E+02
 0.199507E+02 0.163457E+02 0.157913E+02 0.184063E+02 0.175345E+02 0.163402E+02
 0.197551E+02 0.209328E+02 0.201863E+02 0.194501E+02 0.151145E+02 0.137738E+02
 0.208592E+02 0.157331E+02 0.182625E+02 0.174214E+02 0.186051E+02 0.153987E+02
 0.184875E+02 0.208897E+02 0.195302E+02 0.177538E+02 0.162502E+02 0.140071E+02
 0.155348E+02 0.168691E+02 0.177097E+02 0.162449E+02 0.207138E+02 0.163093E+02
 0.162776E+02 0.178349E+02 0.207910E+02 0.201894E+02 0.166660E+02 0.174152E+02
 0.138372E+02 0.176821E+02 0.174236E+02 0.152083E+02 0.233057E+02 0.144089E+02
 0.148516E+02 0.180587E+02 0.170231E+02 0.160432E+02 0.168295E+02 0.192704E+02
 0.191479E+02 0.195786E+02 0.166481E+02 0.161965E+02 0.172479E+02 0.178334E+02
 0.161020E+02 0.184378E+02 0.170112E+02 0.199002E+02 0.168308E+02 0.197139E+02
 0.175819E+02 0.174333E+02 0.180146E+02 0.181993E+02 0.168113E+02 0.163891E+02
 0.225146E+02 0.216752E+02 0.187105E+02 0.161583E+02 0.135629E+02 0.188009E+02
 0.172350E+02 0.171985E+02 0.191277E+02 0.210462E+02 0.175287E+02 0.169121E+02
 0.176618E+02 0.181265E+02 0.186171E+02 0.145379E+02 0.194228E+02 0.174243E+02
 0.190502E+02 0.189902E+02 0.182016E+02 0.159550E+02 0.163503E+02 0.191754E+02
 0.144373E+02 0.188738E+02 0.187474E+02 0.202708E+02 0.179959E+02 0.221816E+02
 0.178070E+02 0.191712E+02 0.181451E+02 0.184742E+02 0.119236E+02 0.183866E+02
 0.168015E+02 0.171959E+02 0.176930E+02 0.215520E+02 0.189069E+02 0.152132E+02
 0.197183E+02 0.188165E+02 0.158846E+02 0.137005E+02 0.219037E+02 0.203203E+02
 0.162383E+02 0.160982E+02 0.155566E+02 0.187682E+02 0.143671E+02 0.184125E+02
 0.191858E+02 0.191259E+02 0.194207E+02 0.179388E+02 0.153228E+02 0.231155E+02
 0.196886E+02 0.179398E+02 0.175135E+02 0.156955E+02 0.149279E+02 0.159899E+02
 0.145953E+02 0.183142E+02 0.150519E+02 0.198377E+02 0.161482E+02 0.182379E+02
 0.150983E+02 0.164928E+02 0.156926E+02 0.188875E+02 0.222005E+02 0.189976E+02
 0.199378E+02 0.191596E+02 0.210442E+02 0.151316E+02 0.144035E+02 0.183166E+02
 0.171282E+02 0.176577E+02 0.174555E+02 0.166972E+02 0.197570E+02 0.169519E+02
 0.162634E+02 0.188037E+02 0.208311E+02 0.161247E+02 0.208570E+02 0.162876E+02
 0.181295E+02 0.177526E+02 0.193275E+02 0.209701E+02 0.189000E+02 0.180620E+02
 0.178202E+02 0.185201E+02 0.183762E+02 0.170955E+02 0.218388E+02 0.179191E+02
 0.191651E+02 0.183192E+02 0.180612E+02 0.178753E+02 0.181229E+02 0.172942E+02
 0.223762E+02 0.172770E+02 0.129723E+02 0.188609E+02 0.176369E+02 0.166178E+02
 0.162280E+02 0.211561E+02 0.155834E+02 0.154107E+02 0.192450E+02 0.110367E+02
 0.186613E+02 0.207197E+02 0.155114E+02 0.210719E+02 0.168802E+02 0.153675E+02
 0.226098E+02 0.160067E+02 0.151025E+02 0.161740E+02 0.160176E+02 0.176140E+02
 0.175858E+02 0.154116E+02 0.151008E+02 0.184845E+02 0.203437E+02 0.161327E+02
 0.197225E+02 0.172179E+02 0.168401E+02 0.145551E+02 0.157046E+02 0.180419E+02
 0.152524E+02 0.160871E+02 0.149799E+02 0.177646E+02 0.236842E+02 0.206251E+02
 0.169106E+02 0.174273E+02 0.179049E+02 0.205753E+02 0.203961E+02 0.196312E+02
 0.222209E+02 0.232481E+02 0.145257E+02 0.178688E+02 0.185775E+02 0.213219E+02
 0.172426E+02 0.230346E+02 0.104280E+02 0.167960E+02 0.183997E+02 0.206466E+02
 0.171274E+02 0.187897E+02 0.144655E+02 0.168252E+02 0.143172E+02 0.186633E+02
 0.162792E+02 0.155690E+02 0.147797E+02 0.206718E+02 0.185257E+02 0.174380E+02
 0.153675E+02 0.186718E+02 0.231619E+02 0.162674E+02 0.155706E+02 0.167703E+02
 0.179594E+02 0.172125E+02 0.174705E+02 0.171380E+02 0.148874E+02 0.185418E+02
 0.164335E+02 0.182586E+02 0.128078E+02 0.191611E+02 0.150398E+02 0.139602E+02
 0.198255E+02 0.214122E+02 0.191997E+02 0.184320E+02 0.243444E+02 0.163347E+02
 0.157637E+02 0.213202E+02 0.170097E+02 0.143370E+02 0.198278E+02 0.203574E+02
 0.191109E+02 0.202878E+02 0.180428E+02 0.164622E+02 0.192230E+02 0.157097E+02
 0.170729E+02 0.220567E+02 0.200255E+02 0.162577E+02 0.190151E+02 0.200418E+02
 0.153223E+02 0.154613E+02 0.110134E+02 0.189707E+02 0.183780E+02 0.189051E+02
 0.171396E+02 0.187523E+02 0.170457E+02 0.198454E+02 0.176492E+02 0.198063E+02
 0.190771E+02 0.179475E+02 0.221382E+02 0.201733E+02 0.186349E+02 0.192114E+02
 0.209309E+02 0.179988E+02 0.179006E+02 0.168140E+02 0.164502E+02 0.167728E+02
 0.168260E+02 0.186220E+02 0.161828E+02 0.178941E+02 0.173183E+02 0.144554E+02
 0.162294E+02 0.172846E+02 0.130065E+02 0.166196E+02 0.145035E+02 0.182462E+02
 0.194196E+02 0.193727E+02 0.170113E+02 0.178573E+02 0.174387E+02 0.172310E+02
 0.152553E+02 0.233444E+02 0.168463E+02 0.173817E+02 0.181402E+02 0.166719E+02
 0.158367E+02 0.148220E+02 0.150524E+02 0.197052E+02 0.194423E+02 0.207926E+02
 0.187749E+02 0.129318E+02 0.190520E+02 0.172181E+02 0.172942E+02 0.158159E+02
 0.178938E+02 0.167486E+02 0.159399E+02 0.185054E+02 0.182675E+02 0.203262E+02
 0.146583E+02 0.172385E+02 0.166952E+02 0.188479E+02 0.161224E+02 0.182220E+02
 0.151458E+02 0.152508E+02 0.176192E+02 0.186753E+02 0.166275E+02 0.196765E+02
 0.184996E+02 0.187719E+02 0.171849E+02 0.206432E+02 0.146000E+02 0.201468E+02
 0.161579E+02 0.151207E+02 0.161797E+02 0.182263E+02 0.191659E+02 0.184910E+02
 0.190102E+02 0.158516E+02 0.166148E+02 0.242904E+02 0.190885E+02 0.171302E+02
 0.227259E+02 0.190203E+02 0.190957E+02 0.203257E+02 0.153559E+02 0.202561E+02
 0.168650E+02 0.142560E+02 0.157822E+02 0.188082E+02 0.166331E+02 0.197318E+02
 0.152632E+02 0.155063E+02 0.160378E+02 0.189494E+02 0.140837E+02 0.195914E+02
 0.186965E+02 0.248930E+02 0.183999E+02 0.200876E+02 0.178125E+02 0.181120E+02
 0.173265E+02 0.147679E+02 0.145258E+02 0.138740E+02 0.184217E+02 0.173749E+02
 0.142784E+02 0.182194E+02 0.171272E+02 0.177876E+02 0.189252E+02 0.195162E+02
 0.176516E+02 0.160825E+02 0.142930E+02 0.187499E+02 0.163150E+02 0.165019E+02
 0.183486E+02 0.177222E+02 0.222795E+02 0.162087E+02 0.150171E+02 0.121913E+02
 0.160559E+02 0.185331E+02 0.176704E+02 0.168408E+02 0.187566E+02 0.173023E+02
 0.189927E+02 0.187544E+02 0.188043E+02 0.196134E+02 0.164522E+02 0.212206E+02
 0.154765E+02 0.213389E+02 0.138684E+02 0.181723E+02 0.143976E+02 0.224621E+02
 0.172339E+02 0.139037E+02 0.192398E+02 0.165516E+02 0.145980E+02 0.178273E+02
 0.172076E+02 0.160508E+02 0.146987E+02 0.213444E+02 0.181995E+02 0.129704E+02
 0.214013E+02 0.230335E+02 0.149595E+02 0.198665E+02 0.148125E+02 0.165009E+02
 0.161935E+02 0.168764E+02 0.114605E+02 0.140894E+02 0.177029E+02 0.214147E+02
 0.141023E+02 0.172412E+02 0.184546E+02 0.163269E+02 0.155544E+02 0.171156E+02
 0.165498E+02 0.221654E+02 0.159898E+02 0.210429E+02 0.200183E+02 0.176360E+02
 0.156024E+02 0.194959E+02 0.173450E+02 0.154751E+02 0.193328E+02 0.207829E+02
 0.164995E+02 0.204954E+02 0.197579E+02 0.150941E+02 0.150429E+02 0.130432E+02
 0.155864E+02 0.198279E+02 0.191971E+02 0.148494E+02 0.175814E+02 0.177091E+02
 0.202082E+02 0.155546E+02 0.196595E+02 0.155991E+02 0.222276E+02 0.166267E+02
 0.186030E+02 0.175387E+02 0.166024E+02 0.174250E+02 0.215455E+02 0.180690E+02
 0.196204E+02 0.189371E+02 0.171259E+02 0.137751E+02 0.152003E+02 0.208847E+02
 0.194781E+02 0.178197E+02 0.163514E+02 0.181442E+02 0.174145E+02 0.184383E+02
 0.192335E+02 0.149697E+02 0.193276E+02 0.181685E+02 0.173299E+02 0.183481E+02
 0.190817E+02 0.180933E+02 0.198485E+02 0.189280E+02 0.155469E+02 0.176826E+02
 0.158170E+02 0.157415E+02 0.164873E+02 0.176090E+02 0.144555E+02 0.153556E+02
 0.162176E+02 0.192918E+02 0.199314E+02 0.175973E+02 0.184009E+02 0.212857E+02
 0.132195E+02 0.198237E+02 0.193482E+02 0.224982E+02 0.184469E+02 0.129702E+02
 0.216746E+02 0.166294E+02 0.177400E+02 0.174803E+02 0.180677E+02 0.184528E+02
 0.160309E+02 0.203860E+02 0.188981E+02 0.202486E+02 0.154905E+02 0.162208E+02
 0.191078E+02 0.175239E+02 0.160271E+02 0.118682E+02 0.167606E+02 0.202578E+02
 0.150244E+02 0.200604E+02 0.198440E+02 0.185219E+02 0.203944E+02 0.196323E+02
 0.171724E+02 0.170355E+02 0.166904E+02 0.159202E+02 0.176031E+02 0.156140E+02
 0.193210E+02 0.145133E+02 0.179979E+02 0.150814E+02 0.182524E+02 0.210252E+02
 0.172719E+02 0.153922E+02 0.146330E+02 0.199761E+02 0.126659E+02 0.215106E+02
 0.215570E+02 0.168206E+02 0.143911E+02 0.164197E+02 0.204939E+02 0.178563E+02
 0.164789E+02 0.170508E+02 0.168109E+02 0.171281E+02 0.174631E+02 0.146824E+02
 0.201373E+02 0.230071E+02 0.193832E+02 0.172089E+02 0.154244E+02 0.167105E+02
 0.141777E+02 0.148586E+02 0.153579E+02 0.179525E+02 0.189212E+02 0.173603E+02
 0.183977E+02 0.162426E+02 0.170719E+02 0.234486E+02 0.176860E+02 0.159618E+02
 0.161354E+02 0.179772E+02 0.156112E+02 0.171446E+02 0.181897E+02 0.181535E+02
 0.185822E+02 0.187299E+02 0.178783E+02 0.211755E+02 0.175309E+02 0.140299E+02
 0.147328E+02 0.161882E+02 0.163348E+02 0.214988E+02 0.164114E+02 0.199512E+02
 0.193071E+02 0.172137E+02 0.190598E+02 0.144534E+02 0.165580E+02 0.205725E+02
 0.146958E+02 0.164094E+02 0.184772E+02 0.168742E+02 0.188445E+02 0.207156E+02
 0.259695E+02 0.165648E+02 0.158808E+02 0.152550E+02 0.205346E+02 0.178560E+02
 0.189455E+02 0.188920E+02 0.185362E+02 0.148595E+02 0.148689E+02 0.182047E+02
 0.156347E+02 0.187560E+02 0.145457E+02 0.168549E+02 0.162119E+02 0.180399E+02
 0.162198E+02 0.217227E+02 0.158844E+02 0.209265E+02 0.174054E+02 0.157388E+02
 0.182284E+02 0.196118E+02 0.149949E+02 0.161168E+02 0.189005E+02 0.146735E+02
 0.193789E+02 0.170710E+02 0.192777E+02 0.210447E+02 0.204303E+02 0.135978E+02
 0.148418E+02 0.224545E+02 0.153109E+02 0.148456E+02 0.192361E+02 0.191447E+02
 0.136166E+02 0.156120E+02 0.145092E+02 0.173172E+02 0.214462E+02 0.144461E+02
 0.168773E+02 0.160433E+02 0.173987E+02 0.159538E+02 0.174485E+02 0.157590E+02
 0.167186E+02 0.168994E+02 0.183720E+02 0.204897E+02 0.153605E+02 0.181332E+02
 0.158615E+02 0.192941E+02 0.157603E+02 0.173514E+02 0.144750E+02 0.148489E+02
 0.200750E+02 0.151171E+02 0.163190E+02 0.144955E+02 0.147279E+02 0.188424E+02
 0.168731E+02 0.163570E+02 0.177489E+02 0.177311E+02 0.154198E+02 0.186230E+02
 0.172188E+02 0.143629E+02 0.158279E+02 0.173933E+02 0.168606E+02 0.152788E+02
 0.206017E+02 0.188937E+02 0.183762E+02 0.173330E+02 0.157953E+02 0.153528E+02
 0.177778E+02 0.181575E+02 0.155768E+02 0.126110E+02 0.146058E+02 0.167547E+02
 0.172514E+02 0.176675E+02 0.203268E+02 0.170740E+02 0.208681E+02 0.163669E+02
 0.154192E+02 0.162167E+02 0.171939E+02 0.140271E+02 0.145010E+02 0.225523E+02
 0.187386E+02 0.218699E+02 0.170646E+02 0.214018E+02 0.198735E+02 0.188272E+02
 0.191180E+02 0.212868E+02 0.201718E+02 0.201512E+02 0.195952E+02 0.156225E+02
 0.203503E+02 0.190385E+02 0.178145E+02 0.218855E+02 0.160883E+02 0.132254E+02
 0.175758E+02 0.180149E+02 0.161143E+02 0.178709E+02 0.189202E+02 0.163356E+02
 0.185638E+02 0.174574E+02 0.197725E+02 0.167970E+02 0.228685E+02 0.216974E+02
 0.164142E+02 0.199972E+02 0.172846E+02 0.222614E+02 0.203032E+02 0.160798E+02
 0.136157E+02 0.170559E+02 0.159180E+02 0.168457E+02 0.199769E+02 0.167667E+02
 0.159048E+02 0.232114E+02 0.164661E+02 0.141723E+02 0.222941E+02 0.163166E+02
 0.154645E+02 0.141238E+02 0.183873E+02 0.198593E+02 0.167448E+02 0.176908E+02
 0.213527E+02 0.203645E+02 0.161109E+02 0.183563E+02 0.175106E+02 0.146260E+02
 0.167499E+02 0.197700E+02 0.147315E+02 0.152782E+02 0.166449E+02 0.179719E+02
 0.167358E+02 0.145230E+02 0.203732E+02 0.210010E+02 0.191966E+02 0.167187E+02
 0.167959E+02 0.166345E+02 0.189215E+02 0.186116E+02 0.166511E+02 0.191422E+02
 0.189714E+02 0.170299E+02 0.175328E+02 0.167667E+02 0.170583E+02 0.210291E+02
 0.183758E+02 0.158634E+02 0.202298E+02 0.118933E+02 0.175539E+02 0.181046E+02
 0.195448E+02 0.175412E+02 0.167240E+02 0.194676E+02 0.165318E+02 0.179755E+02
 0.176623E+02 0.197166E+02 0.152589E+02 0.156828E+02 0.185352E+02 0.158841E+02
 0.179246E+02 0.174899E+02 0.201981E+02 0.220927E+02 0.199505E+02 0.161347E+02
 0.148898E+02 0.135519E+02 0.178976E+02 0.148409E+02 0.152438E+02 0.183293E+02
 0.205393E+02 0.178040E+02 0.209965E+02 0.167446E+02 0.209450E+02 0.145661E+02
 0.133827E+02 0.208204E+02 0.179000E+02 0.187770E+02 0.162036E+02 0.177586E+02
 0.175612E+02 0.182456E+02 0.206096E+02 0.196726E+02 0.202322E+02 0.178257E+02
 0.165164E+02 0.179149E+02 0.159543E+02 0.183978E+02 0.149848E+02 0.195347E+02
 0.147078E+02 0.182870E+02 0.156132E+02 0.197801E+02 0.188050E+02 0.185929E+02
 0.119805E+02 0.177173E+02 0.155949E+02 0.210746E+02 0.144974E+02 0.202426E+02
 0.150613E+02 0.144806E+02 0.173177E+02 0.173337E+02 0.170477E+02 0.208398E+02
 0.143433E+02 0.207705E+02 0.197737E+02 0.177434E+02 0.171574E+02 0.164194E+02
 0.156221E+02 0.167819E+02 0.180677E+02 0.190402E+02 0.214294E+02 0.168886E+02
 0.188095E+02 0.151806E+02 0.155647E+02 0.131476E+02 0.123083E+02 0.140257E+02
 0.187310E+02 0.204498E+02 0.183051E+02 0.172049E+02 0.134273E+02 0.116653E+02
 0.183748E+02 0.152507E+02 0.220575E+02 0.186874E+02 0.208685E+02 0.170667E+02
 0.177398E+02 0.138466E+02 0.162133E+02 0.199151E+02 0.178900E+02 0.163600E+02
 0.172012E+02 0.166976E+02 0.228361E+02 0.202993E+02 0.178461E+02 0.184200E+02
 0.158539E+02 0.192069E+02 0.148861E+02 0.206432E+02 0.178127E+02 0.164306E+02
 0.188809E+02 0.159595E+02 0.147875E+02 0.172751E+02 0.187986E+02 0.186057E+02
 0.184228E+02 0.204823E+02 0.178855E+02 0.190197E+02 0.143333E+02 0.181875E+02
 0.170847E+02 0.192691E+02 0.162539E+02 0.183780E+02 0.140890E+02 0.161011E+02
 0.205186E+02 0.160216E+02 0.167096E+02 0.182961E+02 0.152064E+02 0.179373E+02
 0.141555E+02 0.202820E+02 0.187110E+02 0.165673E+02 0.177746E+02 0.185452E+02
 0.180141E+02 0.150921E+02 0.145307E+02 0.233879E+02 0.199812E+02 0.186457E+02
 0.188149E+02 0.180130E+02 0.163457E+02 0.214510E+02 0.140915E+02 0.176976E+02
 0.152215E+02 0.151539E+02 0.197363E+02 0.167463E+02 0.139046E+02 0.167662E+02
 0.186169E+02 0.184778E+02 0.166332E+02 0.159434E+02 0.135089E+02 0.156823E+02
 0.188562E+02 0.143427E+02 0.165395E+02 0.155117E+02 0.176841E+02 0.193264E+02
 0.191655E+02 0.166535E+02 0.158823E+02 0.176420E+02 0.183712E+02 0.178717E+02
 0.154074E+02 0.156833E+02 0.164098E+02 0.176962E+02 0.193666E+02 0.162952E+02
 0.146131E+02 0.208261E+02 0.202927E+02 0.192850E+02 0.189613E+02 0.191633E+02
 0.216863E+02 0.125411E+02 0.163365E+02 0.179824E+02 0.190466E+02 0.167656E+02
 0.209557E+02 0.138896E+02 0.178491E+02 0.204983E+02 0.151124E+02 0.224336E+02
 0.219744E+02 0.158386E+02 0.182189E+02 0.185512E+02 0.209984E+02 0.197418E+02
 0.161757E+02 0.194312E+02 0.169291E+02 0.164912E+02 0.156377E+02 0.135873E+02
 0.177231E+02 0.148104E+02 0.140785E+02 0.251029E+02 0.197851E+02 0.203850E+02
 0.188497E+02 0.137929E+02 0.168585E+02 0.129954E+02 0.185884E+02 0.177424E+02
 0.176872E+02 0.208232E+02 0.177956E+02 0.159656E+02 0.190087E+02 0.175745E+02
 0.174400E+02 0.193831E+02 0.167234E+02 0.148599E+02 0.194527E+02 0.189754E+02
 0.160574E+02 0.187418E+02 0.164885E+02 0.212572E+02 0.188390E+02 0.200327E+02
 0.180464E+02 0.168522E+02 0.161387E+02 0.175708E+02 0.167985E+02 0.175646E+02
 0.142981E+02 0.151017E+02 0.175086E+02 0.171040E+02 0.201891E+02 0.192485E+02
 0.163871E+02 0.163705E+02 0.156366E+02 0.172659E+02 0.159650E+02 0.175502E+02
 0.212976E+02 0.160338E+02 0.210435E+02 0.147337E+02 0.169033E+02 0.160305E+02
 0.226863E+02 0.143313E+02 0.155491E+02 0.181300E+02 0.181666E+02 0.158148E+02
 0.163202E+02 0.193375E+02 0.172918E+02 0.158210E+02 0.179413E+02 0.172425E+02
 0.202507E+02 0.214378E+02 0.141413E+02 0.159861E+02 0.151373E+02 0.202837E+02
 0.216359E+02 0.185556E+02 0.184533E+02 0.136911E+02 0.196317E+02 0.143601E+02
 0.196765E+02 0.158404E+02 0.134541E+02 0.161190E+02 0.182224E+02 0.194055E+02
 0.201038E+02 0.179519E+02 0.145891E+02 0.206977E+02 0.161194E+02 0.190995E+02
 0.214920E+02 0.145576E+02 0.151280E+02 0.164831E+02 0.203541E+02 0.144222E+02
 0.188367E+02 0.178109E+02 0.167097E+02 0.216701E+02 0.201981E+02 0.163511E+02
 0.161434E+02 0.170268E+02 0.216771E+02 0.150002E+02 0.200838E+02 0.166315E+02
 0.175488E+02 0.185139E+02 0.145245E+02 0.149988E+02 0.162700E+02 0.176981E+02
 0.202534E+02 0.181776E+02 0.127649E+02 0.166291E+02 0.168505E+02 0.206028E+02
 0.175749E+02 0.139083E+02 0.136648E+02 0.177082E+02 0.192163E+02 0.177156E+02
 0.187749E+02 0.190546E+02 0.163161E+02 0.171080E+02 0.217358E+02 0.150926E+02
 0.195947E+02 0.145686E+02 0.181770E+02 0.152925E+02 0.203908E+02 0.179783E+02
 0.174938E+02 0.144527E+02 0.185564E+02 0.173942E+02 0.176773E+02 0.162307E+02
 0.191427E+02 0.196731E+02 0.169864E+02 0.202799E+02 0.127351E+02 0.170716E+02
 0.167793E+02 0.179414E+02 0.190903E+02 0.174258E+02 0.173249E+02 0.156445E+02
 0.149470E+02 0.181862E+02 0.172404E+02 0.186940E+02 0.187611E+02 0.182777E+02
 0.172854E+02 0.168967E+02 0.127703E+02 0.177121E+02 0.162005E+02 0.207732E+02
 0.169970E+02 0.175584E+02 0.151845E+02 0.177591E+02 0.189692E+02 0.195871E+02
 0.185836E+02 0.148072E+02 0.192203E+02 0.189087E+02 0.178202E+02 0.143697E+02
 0.165147E+02 0.188738E+02 0.157398E+02 0.196271E+02 0.147756E+02 0.152873E+02
 0.195731E+02 0.154151E+02 0.174948E+02 0.144796E+02 0.193111E+02 0.188540E+02
 0.188064E+02 0.196428E+02 0.146217E+02 0.210226E+02 0.172173E+02 0.174325E+02
